1 267 1009
1 268 275
1 270 326
1 273 1015
1 274 281
1 276 332
1 279 1021
1 280 287
1 282 338
1 285 1027
1 286 293
1 288 344
1 291 1033
1 292 299
1 294 350
1 297 1039
1 300 356
1 303 1045
1 304 311
1 306 362
1 309 1051
1 310 317
1 312 368
1 315 1057
1 316 323
1 318 374
1 321 1063
1 322 329
1 324 380
1 327 1069
1 328 335
1 330 386
1 333 1075
1 334 341
1 336 392
1 339 1081
1 340 347
1 342 398
1 345 1087
1 346 353
1 348 404
1 351 1093
1 352 359
1 354 410
1 357 1099
1 360 416
1 363 1105
1 364 371
1 366 422
1 369 1111
1 370 377
1 372 428
1 375 1117
1 376 383
1 378 434
1 381 1123
1 382 389
1 384 440
1 387 1129
1 388 395
1 390 446
1 393 1135
1 394 401
1 396 452
1 399 1141
1 400 407
1 402 458
1 405 1147
1 406 413
1 408 464
1 411 1153
1 412 419
1 414 470
1 417 1159
1 420 476
1 423 1165
1 424 431
1 426 560
1 429 1171
1 430 437
1 432 554
1 435 1177
1 436 443
1 438 482
1 441 1183
1 442 449
1 444 488
1 447 1189
1 448 455
1 450 494
1 453 1195
1 454 461
1 456 500
1 459 601
1 460 467
1 462 506
1 465 607
1 466 473
1 468 512
1 471 613
1 472 479
1 474 518
1 477 619
1 480 524
1 483 811
1 484 491
1 485 556
1 486 542
1 489 817
1 490 497
1 492 548
1 495 823
1 496 503
1 498 566
1 501 829
1 502 509
1 504 572
1 507 835
1 508 515
1 510 578
1 513 841
1 514 521
1 516 584
1 519 847
1 520 527
1 522 590
1 525 853
1 528 596
1 530 564
1 531 859
1 532 539
1 536 558
1 537 865
1 538 545
1 543 871
1 544 551
1 549 877
1 550 569
1 555 979
1 557 562
1 561 625
1 567 631
1 568 575
1 573 637
1 574 581
1 579 643
1 580 587
1 585 649
1 586 593
1 591 655
1 592 599
1 597 661
1 602 1146
1 603 1201
1 604 611
1 605 1198
1 606 836
1 608 1152
1 609 1207
1 610 617
1 612 842
1 614 1158
1 615 1213
1 616 623
1 618 848
1 620 1164
1 621 1219
1 624 854
1 626 1170
1 627 1225
1 628 983
1 630 860
1 632 828
1 633 1231
1 634 641
1 635 880
1 638 834
1 639 1237
1 640 647
1 644 840
1 645 1243
1 646 653
1 650 846
1 651 1249
1 652 659
1 656 852
1 657 1255
1 658 665
1 662 858
1 663 1261
1 669 1267
1 670 677
1 672 728
1 675 1273
1 676 683
1 678 734
1 681 1279
1 682 689
1 684 740
1 687 1285
1 688 695
1 690 746
1 693 1291
1 694 701
1 696 752
1 699 1297
1 700 707
1 702 758
1 705 1303
1 706 713
1 708 764
1 711 1309
1 712 719
1 714 770
1 717 1315
1 718 725
1 720 776
1 723 1321
1 726 782
1 729 1327
1 730 737
1 732 788
1 735 1333
1 736 743
1 738 794
1 741 1339
1 742 749
1 744 800
1 747 1345
1 748 755
1 750 806
1 753 1351
1 754 761
1 756 884
1 759 1357
1 760 767
1 762 890
1 765 1363
1 766 773
1 768 896
1 771 1369
1 772 779
1 774 902
1 777 1375
1 778 785
1 780 908
1 783 1381
1 786 914
1 789 1387
1 790 797
1 792 920
1 795 1393
1 796 803
1 798 926
1 801 1399
1 802 809
1 804 932
1 807 1405
1 808 887
1 810 938
1 812 1182
1 813 1411
1 814 821
1 815 982
1 816 872
1 818 1188
1 819 1417
1 820 827
1 822 878
1 824 1194
1 825 1423
1 826 833
1 830 1200
1 831 1429
1 832 839
1 837 1435
1 838 845
1 843 1441
1 844 851
1 849 1447
1 850 857
1 855 1453
1 861 1459
1 862 869
1 866 984
1 867 1465
1 868 875
1 873 1471
1 874 881
1 879 1477
1 885 1483
1 886 893
1 888 944
1 891 1489
1 892 899
1 894 950
1 897 1495
1 898 905
1 900 956
1 903 1501
1 904 911
1 906 962
1 909 1507
1 910 917
1 912 968
1 915 1513
1 918 974
1 921 1519
1 922 929
1 924 986
1 927 1525
1 928 935
1 930 992
1 933 1531
1 934 941
1 936 998
1 939 1537
1 940 947
1 942 1004
1 945 1543
1 946 953
1 948 1010
1 951 1549
1 952 959
1 954 1016
1 957 1555
1 958 965
1 960 1022
1 963 1561
1 964 971
1 966 1028
1 969 1567
1 970 977
1 972 1034
1 975 1573
1 978 1040
1 980 1176
1 981 1579
1 987 1585
1 988 995
1 990 1046
1 993 1591
1 994 1001
1 996 1052
1 999 1597
1 1000 1007
1 1002 1058
1 1005 1603
1 1006 1013
1 1008 1064
1 1011 1609
1 1012 1019
1 1014 1070
1 1017 1615
1 1018 1025
1 1020 1076
1 1023 1621
1 1024 1031
1 1026 1082
1 1029 1627
1 1030 1037
1 1032 1088
1 1035 1633
1 1036 1043
1 1038 1094
1 1041 1639
1 1044 1100
1 1047 1645
1 1048 1055
1 1050 1106
1 1053 1651
1 1054 1061
1 1056 1112
1 1059 1657
1 1060 1067
1 1062 1118
1 1065 1663
1 1066 1073
1 1068 1124
1 1071 1669
1 1072 1079
1 1074 1130
1 1077 1675
1 1078 1085
1 1080 1136
1 1083 1681
1 1084 1091
1 1086 1142
1 1089 1687
1 1090 1097
1 1092 1148
1 1095 1693
1 1096 1103
1 1098 1154
1 1101 1699
1 1104 1160
1 1107 1705
1 1108 1115
1 1110 1166
1 1113 1711
1 1114 1121
1 1116 1172
1 1119 1717
1 1120 1127
1 1122 1178
1 1125 1723
1 1126 1133
1 1128 1184
1 1131 1729
1 1132 1139
1 1134 1190
1 1137 1735
1 1138 1145
1 1140 1196
1 1143 1741
1 1144 1151
1 1149 1747
1 1150 1157
1 1155 1753
1 1156 1163
1 1161 1759
1 1167 1765
1 1168 1175
1 1173 1771
1 1174 1181
1 1179 1777
1 1180 1187
1 1185 1783
1 1186 1193
1 1191 1789
1 1192 1199
1 1197 1795
1 1202 1746
1 1203 2287
1 1204 1211
1 1205 1798
1 1206 1436
1 1208 1752
1 1209 2293
1 1210 1217
1 1212 1442
1 1214 1758
1 1215 2299
1 1216 1223
1 1218 1448
1 1220 1764
1 1221 2305
1 1224 1454
1 1226 1770
1 1227 2311
1 1228 1583
1 1230 1460
1 1232 1428
1 1233 2317
1 1234 1241
1 1235 1480
1 1238 1434
1 1239 2323
1 1240 1247
1 1244 1440
1 1245 2329
1 1246 1253
1 1250 1446
1 1251 2335
1 1252 1259
1 1256 1452
1 1257 2341
1 1258 1265
1 1262 1458
1 1263 2347
1 1269 2353
1 1270 1277
1 1272 1328
1 1275 2359
1 1276 1283
1 1278 1334
1 1281 2365
1 1282 1289
1 1284 1340
1 1287 2371
1 1288 1295
1 1290 1346
1 1293 2377
1 1294 1301
1 1296 1352
1 1299 2383
1 1300 1307
1 1302 1358
1 1305 2389
1 1306 1313
1 1308 1364
1 1311 2395
1 1312 1319
1 1314 1370
1 1317 2143
1 1318 1325
1 1320 1376
1 1323 2149
1 1326 1382
1 1329 2155
1 1330 1337
1 1332 1388
1 1335 2161
1 1336 1343
1 1338 1394
1 1341 2167
1 1342 1349
1 1344 1400
1 1347 2173
1 1348 1355
1 1350 1406
1 1353 2179
1 1354 1361
1 1356 1484
1 1359 2185
1 1360 1367
1 1362 1490
1 1365 2191
1 1366 1373
1 1368 1496
1 1371 2197
1 1372 1379
1 1374 1502
1 1377 2203
1 1378 1385
1 1380 1508
1 1383 2209
1 1386 1514
1 1389 2215
1 1390 1397
1 1392 1520
1 1395 2221
1 1396 1403
1 1398 1526
1 1401 2227
1 1402 1409
1 1404 1532
1 1407 2233
1 1408 1487
1 1410 1538
1 1412 1782
1 1413 2239
1 1414 1421
1 1415 1582
1 1416 1472
1 1418 1788
1 1419 2245
1 1420 1427
1 1422 1478
1 1424 1794
1 1425 2251
1 1426 1433
1 1430 1800
1 1431 2257
1 1432 1439
1 1437 2263
1 1438 1445
1 1443 2269
1 1444 1451
1 1449 2275
1 1450 1457
1 1455 2281
1 1461 1999
1 1462 1469
1 1466 1584
1 1467 2005
1 1468 1475
1 1473 2011
1 1474 1481
1 1479 2017
1 1485 2023
1 1486 1493
1 1488 1544
1 1491 2029
1 1492 1499
1 1494 1550
1 1497 2035
1 1498 1505
1 1500 1556
1 1503 2041
1 1504 1511
1 1506 1562
1 1509 2047
1 1510 1517
1 1512 1568
1 1515 2053
1 1518 1574
1 1521 2059
1 1522 1529
1 1524 1586
1 1527 2065
1 1528 1535
1 1530 1592
1 1533 2071
1 1534 1541
1 1536 1598
1 1539 2077
1 1540 1547
1 1542 1604
1 1545 2083
1 1546 1553
1 1548 1610
1 1551 2089
1 1552 1559
1 1554 1616
1 1557 2095
1 1558 1565
1 1560 1622
1 1563 2101
1 1564 1571
1 1566 1628
1 1569 2107
1 1570 1577
1 1572 1634
1 1575 2113
1 1578 1640
1 1580 1776
1 1581 2119
1 1587 2125
1 1588 1595
1 1590 1646
1 1593 2131
1 1594 1601
1 1596 1652
1 1599 2137
1 1600 1607
1 1602 1658
1 1605 1801
1 1606 1613
1 1608 1664
1 1611 1807
1 1612 1619
1 1614 1670
1 1617 1813
1 1618 1625
1 1620 1676
1 1623 1819
1 1624 1631
1 1626 1682
1 1629 1825
1 1630 1637
1 1632 1688
1 1635 1831
1 1636 1643
1 1638 1694
1 1641 1837
1 1644 1700
1 1647 1843
1 1648 1655
1 1650 1706
1 1653 1849
1 1654 1661
1 1656 1712
1 1659 1855
1 1660 1667
1 1662 1718
1 1665 1861
1 1666 1673
1 1668 1724
1 1671 1867
1 1672 1679
1 1674 1730
1 1677 1873
1 1678 1685
1 1680 1736
1 1683 1879
1 1684 1691
1 1686 1742
1 1689 1885
1 1690 1697
1 1692 1748
1 1695 1891
1 1696 1703
1 1698 1754
1 1701 1897
1 1704 1760
1 1707 1903
1 1708 1715
1 1710 1766
1 1713 1909
1 1714 1721
1 1716 1772
1 1719 1915
1 1720 1727
1 1722 1778
1 1725 1921
1 1726 1733
1 1728 1784
1 1731 1927
1 1732 1739
1 1734 1790
1 1737 1933
1 1738 1745
1 1740 1796
1 1743 1939
1 1744 1751
1 1749 1945
1 1750 1757
1 1755 1951
1 1756 1763
1 1761 1957
1 1767 1963
1 1768 1775
1 1773 1969
1 1774 1781
1 1779 1975
1 1780 1787
1 1785 1981
1 1786 1793
1 1791 1987
1 1792 1799
1 1797 1993
1 1802 2082
1 1803 2401
1 1804 1811
1 1805 2140
1 1806 1862
1 1808 2088
1 1809 2407
1 1810 1817
1 1812 1868
1 1814 2094
1 1815 2413
1 1816 1823
1 1818 1874
1 1820 2100
1 1821 2419
1 1822 1829
1 1824 1880
1 1826 2106
1 1827 2425
1 1828 1835
1 1830 1886
1 1832 2112
1 1833 2431
1 1834 1841
1 1836 1892
1 1838 2118
1 1839 2437
1 1842 1898
1 1844 2130
1 1845 2443
1 1846 1853
1 1848 1904
1 1850 2136
1 1851 2449
1 1852 1859
1 1854 1910
1 1856 2142
1 1857 2455
1 1858 1865
1 1860 1916
1 1863 2461
1 1864 1871
1 1866 1922
1 1869 2467
1 1870 1877
1 1872 1928
1 1875 2473
1 1876 1883
1 1878 1934
1 1881 2713
1 1882 1889
1 1884 1940
1 1887 2719
1 1888 1895
1 1890 1946
1 1893 2725
1 1894 1901
1 1896 1952
1 1899 2731
1 1902 1958
1 1905 2737
1 1906 1913
1 1908 1964
1 1911 2743
1 1912 1919
1 1914 1970
1 1917 2749
1 1918 1925
1 1920 1976
1 1923 2755
1 1924 1931
1 1926 1982
1 1929 2761
1 1930 1937
1 1932 1988
1 1935 2767
1 1936 1943
1 1938 1994
1 1941 2773
1 1942 1949
1 1944 2288
1 1947 2779
1 1948 1955
1 1950 2294
1 1953 2785
1 1954 1961
1 1956 2300
1 1959 2791
1 1962 2306
1 1965 2797
1 1966 1973
1 1968 2312
1 1971 2803
1 1972 1979
1 1974 2120
1 1977 2809
1 1978 1985
1 1980 2240
1 1983 2815
1 1984 1991
1 1986 2246
1 1989 2821
1 1990 1997
1 1992 2252
1 1995 2827
1 1996 2291
1 1998 2258
1 2000 2316
1 2001 2833
1 2002 2009
1 2006 2124
1 2007 2839
1 2008 2015
1 2012 2244
1 2013 2845
1 2014 2021
1 2018 2250
1 2019 2851
1 2020 2321
1 2024 2184
1 2025 2857
1 2026 2033
1 2027 2236
1 2028 2084
1 2030 2190
1 2031 2863
1 2032 2039
1 2034 2090
1 2036 2196
1 2037 2869
1 2038 2045
1 2040 2096
1 2042 2202
1 2043 2875
1 2044 2051
1 2046 2102
1 2048 2208
1 2049 2881
1 2050 2057
1 2052 2108
1 2054 2214
1 2055 2887
1 2058 2114
1 2060 2220
1 2061 2893
1 2062 2069
1 2064 2126
1 2066 2226
1 2067 2899
1 2068 2075
1 2070 2132
1 2072 2232
1 2073 2905
1 2074 2081
1 2076 2138
1 2078 2238
1 2079 2911
1 2080 2087
1 2085 2917
1 2086 2093
1 2091 2923
1 2092 2099
1 2097 2929
1 2098 2105
1 2103 2935
1 2104 2111
1 2109 2941
1 2110 2117
1 2115 2947
1 2121 2953
1 2122 2243
1 2123 2314
1 2127 2959
1 2128 2135
1 2133 2965
1 2134 2141
1 2139 2971
1 2145 2977
1 2146 2153
1 2147 2398
1 2148 2204
1 2151 2983
1 2154 2210
1 2156 2358
1 2157 2989
1 2158 2165
1 2160 2216
1 2162 2364
1 2163 2995
1 2164 2171
1 2166 2222
1 2168 2370
1 2169 2479
1 2170 2177
1 2172 2228
1 2174 2376
1 2175 2485
1 2176 2183
1 2178 2234
1 2180 2382
1 2181 2491
1 2182 2189
1 2186 2388
1 2187 2497
1 2188 2195
1 2192 2394
1 2193 2503
1 2194 2201
1 2198 2400
1 2199 2509
1 2200 2207
1 2205 2515
1 2206 2213
1 2211 2521
1 2217 2527
1 2218 2225
1 2223 2533
1 2224 2231
1 2229 2539
1 2230 2237
1 2235 2545
1 2241 2551
1 2242 2249
1 2247 2557
1 2248 2255
1 2253 2563
1 2254 2261
1 2256 2318
1 2259 2569
1 2260 2267
1 2262 2324
1 2264 2292
1 2265 2575
1 2266 2273
1 2268 2330
1 2270 2298
1 2271 2581
1 2272 2279
1 2274 2336
1 2276 2304
1 2277 2587
1 2278 2285
1 2280 2342
1 2282 2310
1 2283 2593
1 2286 2348
1 2289 2599
1 2290 2297
1 2295 2605
1 2296 2303
1 2301 2611
1 2302 2309
1 2307 2617
1 2313 2623
1 2319 2629
1 2320 2327
1 2325 2635
1 2326 2333
1 2331 2641
1 2332 2339
1 2337 2647
1 2338 2345
1 2343 2653
1 2344 2351
1 2349 2659
1 2355 2665
1 2356 2363
1 2361 2671
1 2362 2369
1 2367 2677
1 2368 2375
1 2373 2683
1 2374 2381
1 2379 2689
1 2380 2387
1 2385 2695
1 2386 2393
1 2391 2701
1 2392 2399
1 2397 2707
1 2402 2916
1 2403 3001
1 2404 2411
1 2405 2974
1 2406 2462
1 2408 2922
1 2409 3007
1 2410 2417
1 2412 2468
1 2414 2928
1 2415 3013
1 2416 2423
1 2418 2474
1 2420 2934
1 2421 3019
1 2422 2429
1 2424 2714
1 2426 2940
1 2427 3025
1 2428 2435
1 2430 2720
1 2432 2946
1 2433 3031
1 2434 2441
1 2436 2726
1 2438 2952
1 2439 3037
1 2442 2732
1 2444 2964
1 2445 3043
1 2446 2453
1 2448 2738
1 2450 2970
1 2451 3049
1 2452 2459
1 2454 2744
1 2456 2976
1 2457 3055
1 2458 2465
1 2460 2750
1 2463 3061
1 2464 2471
1 2466 2756
1 2469 3067
1 2470 2477
1 2472 2762
1 2475 3073
1 2476 2717
1 2478 2768
1 2480 2682
1 2481 3079
1 2482 2489
1 2483 2998
1 2484 2540
1 2486 2688
1 2487 3085
1 2488 2495
1 2490 2546
1 2492 2694
1 2493 3091
1 2494 2501
1 2496 2858
1 2498 2700
1 2499 3097
1 2500 2507
1 2502 2864
1 2504 2706
1 2505 3103
1 2506 2513
1 2508 2870
1 2510 2712
1 2511 3109
1 2512 2519
1 2514 2876
1 2516 2982
1 2517 3115
1 2518 2525
1 2520 2882
1 2522 2988
1 2523 3121
1 2526 2888
1 2528 2994
1 2529 3127
1 2530 2537
1 2532 2894
1 2534 3000
1 2535 3133
1 2536 2543
1 2538 2900
1 2541 3139
1 2542 2549
1 2544 2906
1 2547 3145
1 2548 2861
1 2550 2912
1 2552 2814
1 2553 3151
1 2554 2561
1 2555 2956
1 2556 2846
1 2558 2820
1 2559 3157
1 2560 2567
1 2562 2852
1 2564 2826
1 2565 3163
1 2566 2573
1 2568 2630
1 2570 2832
1 2571 3169
1 2572 2579
1 2574 2636
1 2576 2604
1 2577 3175
1 2578 2585
1 2580 2642
1 2582 2610
1 2583 3181
1 2584 2591
1 2586 2648
1 2588 2616
1 2589 3187
1 2590 2597
1 2592 2654
1 2594 2622
1 2595 3193
1 2598 2660
1 2600 2778
1 2601 3199
1 2602 2609
1 2603 2830
1 2606 2784
1 2607 3205
1 2608 2615
1 2612 2790
1 2613 3211
1 2614 2621
1 2618 2796
1 2619 3217
1 2624 2802
1 2625 3223
1 2626 2957
1 2628 2834
1 2631 3229
1 2632 2639
1 2633 2854
1 2637 3235
1 2638 2645
1 2643 3241
1 2644 2651
1 2649 3247
1 2650 2657
1 2655 3253
1 2656 2663
1 2661 3259
1 2667 3265
1 2668 2675
1 2670 2990
1 2673 3271
1 2674 2681
1 2676 2996
1 2679 3277
1 2680 2687
1 2685 3283
1 2686 2693
1 2691 3289
1 2692 2699
1 2697 3295
1 2698 2705
1 2703 3301
1 2704 2711
1 2709 3307
1 2710 2981
1 2715 3313
1 2716 2723
1 2718 2774
1 2721 3319
1 2722 2729
1 2724 2780
1 2727 3325
1 2728 2735
1 2730 2786
1 2733 3331
1 2736 2792
1 2739 3337
1 2740 2747
1 2742 2798
1 2745 3343
1 2746 2753
1 2748 2804
1 2751 3349
1 2752 2759
1 2754 2810
1 2757 3355
1 2758 2765
1 2760 2816
1 2763 3361
1 2764 2771
1 2766 2822
1 2769 3367
1 2770 2777
1 2772 2828
1 2775 3373
1 2776 2783
1 2781 3379
1 2782 2789
1 2787 3385
1 2788 2795
1 2793 3391
1 2799 3397
1 2800 2807
1 2805 3403
1 2806 2813
1 2808 2954
1 2811 3409
1 2812 2819
1 2817 3415
1 2818 2825
1 2823 3421
1 2824 2831
1 2829 3427
1 2835 3433
1 2836 2843
1 2840 2958
1 2841 3439
1 2842 2849
1 2847 3445
1 2848 2855
1 2853 3451
1 2859 3457
1 2860 2867
1 2862 2918
1 2865 3463
1 2866 2873
1 2868 2924
1 2871 3469
1 2872 2879
1 2874 2930
1 2877 3475
1 2878 2885
1 2880 2936
1 2883 3481
1 2884 2891
1 2886 2942
1 2889 3487
1 2892 2948
1 2895 3493
1 2896 2903
1 2898 2960
1 2901 3499
1 2902 2909
1 2904 2966
1 2907 3505
1 2908 2915
1 2910 2972
1 2913 3511
1 2914 2921
1 2919 3517
1 2920 2927
1 2925 3523
1 2926 2933
1 2931 3529
1 2932 2939
1 2937 3535
1 2938 2945
1 2943 3541
1 2944 2951
1 2949 3547
1 2955 3553
1 2961 3559
1 2962 2969
1 2967 3565
1 2968 2975
1 2973 3571
1 2979 3577
1 2980 2987
1 2985 3583
1 2991 3589
1 2992 2999
1 2997 3595
1 3002 3516
1 3003 3601
1 3004 3011
1 3005 3574
1 3006 3062
1 3008 3522
1 3009 3607
1 3010 3017
1 3012 3068
1 3014 3528
1 3015 3613
1 3016 3023
1 3018 3074
1 3020 3534
1 3021 3619
1 3022 3029
1 3024 3314
1 3026 3540
1 3027 3625
1 3028 3035
1 3030 3320
1 3032 3546
1 3033 3913
1 3034 3041
1 3036 3326
1 3038 3552
1 3039 3919
1 3042 3332
1 3044 3564
1 3045 3925
1 3046 3053
1 3048 3338
1 3050 3570
1 3051 3931
1 3052 3059
1 3054 3344
1 3056 3576
1 3057 3937
1 3058 3065
1 3060 3350
1 3063 3943
1 3064 3071
1 3066 3356
1 3069 3949
1 3070 3077
1 3072 3362
1 3075 3955
1 3076 3317
1 3078 3368
1 3080 3282
1 3081 3961
1 3082 3089
1 3083 3598
1 3084 3140
1 3086 3288
1 3087 3967
1 3088 3095
1 3090 3146
1 3092 3294
1 3093 3973
1 3094 3101
1 3096 3458
1 3098 3300
1 3099 3979
1 3100 3107
1 3102 3464
1 3104 3306
1 3105 3985
1 3106 3113
1 3108 3470
1 3110 3312
1 3111 3991
1 3112 3119
1 3114 3476
1 3116 3582
1 3117 3997
1 3118 3125
1 3120 3482
1 3122 3588
1 3123 4003
1 3126 3488
1 3128 3594
1 3129 4009
1 3130 3137
1 3132 3494
1 3134 3600
1 3135 4015
1 3136 3143
1 3138 3500
1 3141 4021
1 3142 3149
1 3144 3506
1 3147 4027
1 3148 3461
1 3150 3512
1 3152 3414
1 3153 4033
1 3154 3161
1 3155 3556
1 3156 3446
1 3158 3420
1 3159 4039
1 3160 3167
1 3162 3452
1 3164 3426
1 3165 4045
1 3166 3173
1 3168 3230
1 3170 3432
1 3171 4051
1 3172 3179
1 3174 3236
1 3176 3204
1 3177 4057
1 3178 3185
1 3180 3242
1 3182 3210
1 3183 4063
1 3184 3191
1 3186 3248
1 3188 3216
1 3189 4069
1 3190 3197
1 3192 3254
1 3194 3222
1 3195 4075
1 3198 3260
1 3200 3378
1 3201 4081
1 3202 3209
1 3203 3430
1 3206 3384
1 3207 4087
1 3208 3215
1 3212 3390
1 3213 4093
1 3214 3221
1 3218 3396
1 3219 4099
1 3224 3402
1 3225 4105
1 3226 3557
1 3228 3434
1 3231 4111
1 3232 3239
1 3233 3454
1 3237 4117
1 3238 3245
1 3243 4123
1 3244 3251
1 3249 4129
1 3250 3257
1 3255 4135
1 3256 3263
1 3261 4141
1 3267 4147
1 3268 3275
1 3270 3590
1 3273 4153
1 3274 3281
1 3276 3596
1 3279 4159
1 3280 3287
1 3285 4165
1 3286 3293
1 3291 4171
1 3292 3299
1 3297 4177
1 3298 3305
1 3303 4183
1 3304 3311
1 3309 4189
1 3310 3581
1 3315 4195
1 3316 3323
1 3318 3374
1 3321 3631
1 3322 3329
1 3324 3380
1 3327 3637
1 3328 3335
1 3330 3386
1 3333 3643
1 3336 3392
1 3339 3649
1 3340 3347
1 3342 3398
1 3345 3655
1 3346 3353
1 3348 3404
1 3351 3661
1 3352 3359
1 3354 3410
1 3357 3667
1 3358 3365
1 3360 3416
1 3363 3673
1 3364 3371
1 3366 3422
1 3369 3679
1 3370 3377
1 3372 3428
1 3375 3685
1 3376 3383
1 3381 3691
1 3382 3389
1 3387 3697
1 3388 3395
1 3393 3703
1 3399 3709
1 3400 3407
1 3405 3715
1 3406 3413
1 3408 3554
1 3411 3721
1 3412 3419
1 3417 3727
1 3418 3425
1 3423 3733
1 3424 3431
1 3429 3739
1 3435 3745
1 3436 3443
1 3440 3558
1 3441 3751
1 3442 3449
1 3447 3757
1 3448 3455
1 3453 3763
1 3459 3769
1 3460 3467
1 3462 3518
1 3465 3775
1 3466 3473
1 3468 3524
1 3471 3781
1 3472 3479
1 3474 3530
1 3477 3787
1 3478 3485
1 3480 3536
1 3483 3793
1 3484 3491
1 3486 3542
1 3489 3799
1 3492 3548
1 3495 3805
1 3496 3503
1 3498 3560
1 3501 3811
1 3502 3509
1 3504 3566
1 3507 3817
1 3508 3515
1 3510 3572
1 3513 3823
1 3514 3521
1 3519 3829
1 3520 3527
1 3525 3835
1 3526 3533
1 3531 3841
1 3532 3539
1 3537 3847
1 3538 3545
1 3543 3853
1 3544 3551
1 3549 3859
1 3555 3865
1 3561 3871
1 3562 3569
1 3567 3877
1 3568 3575
1 3573 3883
1 3579 3889
1 3580 3587
1 3585 3895
1 3591 3901
1 3592 3599
1 3597 3907
1 3602 3828
1 3603 4213
1 3604 3611
1 3605 3886
1 3606 3944
1 3608 3834
1 3609 4513
1 3610 3617
1 3612 3950
1 3614 3840
1 3615 4519
1 3616 3623
1 3618 3956
1 3620 3846
1 3621 4525
1 3622 3629
1 3624 4196
1 3626 3852
1 3627 4531
1 3628 3917
1 3630 3632
1 3633 4537
1 3634 3641
1 3635 4198
1 3636 3692
1 3638 3918
1 3639 4543
1 3640 3647
1 3642 3698
1 3644 3924
1 3645 4549
1 3648 3704
1 3650 3930
1 3651 4555
1 3652 3659
1 3654 3710
1 3656 3936
1 3657 4561
1 3658 3665
1 3660 3716
1 3662 3942
1 3663 4567
1 3664 3671
1 3666 3722
1 3668 3948
1 3669 4573
1 3670 3677
1 3672 3728
1 3674 3954
1 3675 4579
1 3676 3683
1 3678 3734
1 3680 3960
1 3681 4585
1 3682 3689
1 3684 3740
1 3686 4200
1 3687 4591
1 3688 3695
1 3690 4082
1 3693 4597
1 3694 3701
1 3696 4088
1 3699 4603
1 3700 3707
1 3702 4094
1 3705 4609
1 3708 4100
1 3711 4615
1 3712 3719
1 3714 4106
1 3717 4621
1 3718 3725
1 3720 3866
1 3723 4627
1 3724 3731
1 3726 4034
1 3729 4633
1 3730 3737
1 3732 4040
1 3735 4639
1 3736 3743
1 3738 4046
1 3741 4645
1 3742 4085
1 3744 4052
1 3746 4110
1 3747 4651
1 3748 3755
1 3752 3870
1 3753 4657
1 3754 3761
1 3758 4038
1 3759 4663
1 3760 3767
1 3764 4044
1 3765 4669
1 3766 4115
1 3770 3978
1 3771 4675
1 3772 3779
1 3773 4030
1 3774 3830
1 3776 3984
1 3777 4681
1 3778 3785
1 3780 3836
1 3782 3990
1 3783 4687
1 3784 3791
1 3786 3842
1 3788 3996
1 3789 4693
1 3790 3797
1 3792 3848
1 3794 4002
1 3795 4699
1 3796 3803
1 3798 3854
1 3800 4008
1 3801 4705
1 3804 3860
1 3806 4014
1 3807 4711
1 3808 3815
1 3810 3872
1 3812 4020
1 3813 4717
1 3814 3821
1 3816 3878
1 3818 4026
1 3819 4723
1 3820 3827
1 3822 3884
1 3824 4032
1 3825 4729
1 3826 3833
1 3831 4735
1 3832 3839
1 3837 4741
1 3838 3845
1 3843 4747
1 3844 3851
1 3849 4753
1 3850 3857
1 3855 4759
1 3856 3863
1 3858 3914
1 3861 4765
1 3864 3920
1 3867 4771
1 3868 4037
1 3869 4108
1 3873 4777
1 3874 3881
1 3876 3926
1 3879 4783
1 3880 3887
1 3882 3932
1 3885 4789
1 3888 3938
1 3891 4795
1 3892 3899
1 3893 4192
1 3894 3998
1 3897 4219
1 3900 4004
1 3902 4152
1 3903 4225
1 3904 3911
1 3906 4010
1 3908 4158
1 3909 4231
1 3910 3965
1 3912 4016
1 3915 4237
1 3916 3923
1 3921 4243
1 3927 4249
1 3928 3935
1 3933 4255
1 3934 3941
1 3939 4261
1 3940 3947
1 3945 4267
1 3946 3953
1 3951 4273
1 3952 3959
1 3957 4279
1 3958 4199
1 3962 4164
1 3963 4285
1 3964 3971
1 3966 4022
1 3968 4170
1 3969 4291
1 3970 3977
1 3972 4028
1 3974 4176
1 3975 4297
1 3976 3983
1 3980 4182
1 3981 4303
1 3982 3989
1 3986 4188
1 3987 4309
1 3988 3995
1 3992 4194
1 3993 4315
1 3994 4001
1 3999 4321
1 4000 4007
1 4005 4327
1 4011 4333
1 4012 4019
1 4017 4339
1 4018 4025
1 4023 4345
1 4024 4031
1 4029 4351
1 4035 4357
1 4036 4043
1 4041 4363
1 4042 4049
1 4047 4369
1 4048 4055
1 4050 4112
1 4053 4375
1 4054 4061
1 4056 4118
1 4058 4086
1 4059 4381
1 4060 4067
1 4062 4124
1 4064 4092
1 4065 4387
1 4066 4073
1 4068 4130
1 4070 4098
1 4071 4393
1 4072 4079
1 4074 4136
1 4076 4104
1 4077 4399
1 4080 4142
1 4083 4405
1 4084 4091
1 4089 4411
1 4090 4097
1 4095 4417
1 4096 4103
1 4101 4423
1 4107 4429
1 4113 4435
1 4114 4121
1 4119 4441
1 4120 4127
1 4125 4447
1 4126 4133
1 4131 4453
1 4132 4139
1 4137 4459
1 4138 4145
1 4143 4465
1 4149 4471
1 4150 4157
1 4155 4477
1 4156 4163
1 4161 4483
1 4162 4169
1 4167 4489
1 4168 4175
1 4173 4495
1 4174 4181
1 4179 4501
1 4180 4187
1 4185 4507
1 4186 4193
1 4191 4201
1 4197 4207
1 4203 4801
1 4204 4799
1 4205 4510
1 4206 4316
1 4208 4530
1 4209 4807
1 4210 4541
1 4211 4282
1 4212 4592
1 4214 4734
1 4215 4813
1 4216 4517
1 4217 4792
1 4218 4268
1 4221 4819
1 4223 4798
1 4224 4328
1 4226 4476
1 4227 4825
1 4228 4235
1 4230 4334
1 4232 4482
1 4233 4831
1 4234 4289
1 4236 4340
1 4238 4764
1 4239 4837
1 4240 4247
1 4241 4534
1 4242 4544
1 4244 4770
1 4245 4843
1 4248 4550
1 4250 4782
1 4251 4849
1 4252 4259
1 4254 4556
1 4256 4788
1 4257 4855
1 4258 4265
1 4260 4562
1 4262 4794
1 4263 4861
1 4264 4271
1 4266 4568
1 4269 4867
1 4270 4277
1 4272 4574
1 4274 4518
1 4275 4873
1 4276 4283
1 4278 4580
1 4280 4524
1 4281 4879
1 4284 4586
1 4286 4488
1 4287 4885
1 4288 4295
1 4290 4346
1 4292 4494
1 4293 4891
1 4294 4301
1 4296 4352
1 4298 4500
1 4299 4897
1 4300 4307
1 4302 4676
1 4304 4506
1 4305 4903
1 4306 4313
1 4308 4682
1 4310 4512
1 4311 4909
1 4312 4319
1 4314 4688
1 4317 4915
1 4318 4325
1 4320 4694
1 4322 4800
1 4323 4921
1 4324 4331
1 4326 4700
1 4329 4927
1 4332 4706
1 4335 4933
1 4336 4343
1 4338 4712
1 4341 4939
1 4342 4349
1 4344 4718
1 4347 4945
1 4348 4355
1 4350 4724
1 4353 4951
1 4354 4679
1 4356 4730
1 4358 4632
1 4359 4957
1 4360 4367
1 4361 4774
1 4362 4664
1 4364 4638
1 4365 4963
1 4366 4373
1 4368 4670
1 4370 4644
1 4371 4969
1 4372 4379
1 4374 4436
1 4376 4650
1 4377 4975
1 4378 4385
1 4380 4442
1 4382 4410
1 4383 4981
1 4384 4391
1 4386 4448
1 4388 4416
1 4389 4987
1 4390 4397
1 4392 4454
1 4394 4422
1 4395 4993
1 4396 4403
1 4398 4460
1 4400 4428
1 4401 4999
1 4404 4466
1 4406 4596
1 4407 5005
1 4408 4415
1 4409 4648
1 4412 4602
1 4413 5011
1 4414 4421
1 4418 4608
1 4419 5017
1 4420 4427
1 4424 4614
1 4425 5023
1 4430 4620
1 4431 5029
1 4432 4775
1 4434 4652
1 4437 5035
1 4438 4445
1 4439 4672
1 4443 5041
1 4444 4451
1 4449 5047
1 4450 4457
1 4455 5053
1 4456 4463
1 4461 5059
1 4462 4469
1 4467 5065
1 4473 5071
1 4474 4481
1 4479 5077
1 4480 4487
1 4485 5083
1 4486 4493
1 4491 5089
1 4492 4499
1 4497 5095
1 4498 4505
1 4503 5101
1 4504 4511
1 4509 5107
1 4514 4740
1 4515 5113
1 4516 4523
1 4520 4746
1 4521 5119
1 4522 4529
1 4526 4752
1 4527 5125
1 4528 4535
1 4532 4758
1 4533 5131
1 4536 4538
1 4539 5137
1 4540 4547
1 4542 4598
1 4545 5143
1 4546 4553
1 4548 4604
1 4551 5149
1 4554 4610
1 4557 5155
1 4558 4565
1 4560 4616
1 4563 5161
1 4564 4571
1 4566 4622
1 4569 5167
1 4570 4577
1 4572 4628
1 4575 5173
1 4576 4583
1 4578 4634
1 4581 5179
1 4582 4589
1 4584 4640
1 4587 5185
1 4588 4595
1 4590 4646
1 4593 5191
1 4594 4601
1 4599 5197
1 4600 4607
1 4605 5203
1 4606 4613
1 4611 5209
1 4617 5215
1 4618 4625
1 4623 5221
1 4624 4631
1 4626 4772
1 4629 5227
1 4630 4637
1 4635 5233
1 4636 4643
1 4641 5239
1 4642 4649
1 4647 5245
1 4653 5251
1 4654 4661
1 4658 4776
1 4659 5257
1 4660 4667
1 4665 5263
1 4666 4673
1 4671 5269
1 4677 5275
1 4678 4685
1 4680 4736
1 4683 5281
1 4684 4691
1 4686 4742
1 4689 5287
1 4690 4697
1 4692 4748
1 4695 5293
1 4696 4703
1 4698 4754
1 4701 5299
1 4702 4709
1 4704 4760
1 4707 5305
1 4710 4766
1 4713 5311
1 4714 4721
1 4716 4778
1 4719 5317
1 4720 4727
1 4722 4784
1 4725 5323
1 4726 4733
1 4728 4790
1 4731 5329
1 4732 4739
1 4737 5335
1 4738 4745
1 4743 5341
1 4744 4751
1 4749 5347
1 4750 4757
1 4755 5353
1 4756 4763
1 4761 5359
1 4762 4769
1 4767 5365
1 4773 5371
1 4779 5377
1 4780 4787
1 4785 5383
1 4786 4793
1 4791 5389
1 4797 5395
1 4803 5401
1 4804 5399
1 4805 5110
1 4806 4916
1 4808 5130
1 4809 5407
1 4810 5141
1 4811 4882
1 4812 5192
1 4814 5334
1 4815 5413
1 4816 5117
1 4817 5392
1 4818 4868
1 4821 5419
1 4823 5398
1 4824 4928
1 4826 5076
1 4827 5425
1 4828 4835
1 4830 4934
1 4832 5082
1 4833 5431
1 4834 4889
1 4836 4940
1 4838 5364
1 4839 5437
1 4840 4847
1 4841 5134
1 4842 5144
1 4844 5370
1 4845 5443
1 4848 5150
1 4850 5382
1 4851 5449
1 4852 4859
1 4854 5156
1 4856 5388
1 4857 5455
1 4858 4865
1 4860 5162
1 4862 5394
1 4863 5461
1 4864 4871
1 4866 5168
1 4869 5467
1 4870 4877
1 4872 5174
1 4874 5118
1 4875 5473
1 4876 4883
1 4878 5180
1 4880 5124
1 4881 5479
1 4884 5186
1 4886 5088
1 4887 5485
1 4888 4895
1 4890 4946
1 4892 5094
1 4893 5491
1 4894 4901
1 4896 4952
1 4898 5100
1 4899 5497
1 4900 4907
1 4902 5276
1 4904 5106
1 4905 5503
1 4906 4913
1 4908 5282
1 4910 5112
1 4911 5509
1 4912 4919
1 4914 5288
1 4917 5515
1 4918 4925
1 4920 5294
1 4922 5400
1 4923 5521
1 4924 4931
1 4926 5300
1 4929 5527
1 4932 5306
1 4935 5533
1 4936 4943
1 4938 5312
1 4941 5539
1 4942 4949
1 4944 5318
1 4947 5545
1 4948 4955
1 4950 5324
1 4953 5551
1 4954 5279
1 4956 5330
1 4958 5232
1 4959 5557
1 4960 4967
1 4961 5374
1 4962 5264
1 4964 5238
1 4965 5563
1 4966 4973
1 4968 5270
1 4970 5244
1 4971 5569
1 4972 4979
1 4974 5036
1 4976 5250
1 4977 5575
1 4978 4985
1 4980 5042
1 4982 5010
1 4983 5581
1 4984 4991
1 4986 5048
1 4988 5016
1 4989 5587
1 4990 4997
1 4992 5054
1 4994 5022
1 4995 5593
1 4996 5003
1 4998 5060
1 5000 5028
1 5001 5599
1 5004 5066
1 5006 5196
1 5007 5605
1 5008 5015
1 5009 5248
1 5012 5202
1 5013 5611
1 5014 5021
1 5018 5208
1 5019 5617
1 5020 5027
1 5024 5214
1 5025 5623
1 5030 5220
1 5031 5629
1 5032 5375
1 5034 5252
1 5037 5635
1 5038 5045
1 5039 5272
1 5043 5641
1 5044 5051
1 5049 5647
1 5050 5057
1 5055 5653
1 5056 5063
1 5061 5659
1 5062 5069
1 5067 5665
1 5073 5671
1 5074 5081
1 5079 5677
1 5080 5087
1 5085 5683
1 5086 5093
1 5091 5689
1 5092 5099
1 5097 5695
1 5098 5105
1 5103 5701
1 5104 5111
1 5109 5707
1 5114 5340
1 5115 5713
1 5116 5123
1 5120 5346
1 5121 5719
1 5122 5129
1 5126 5352
1 5127 5725
1 5128 5135
1 5132 5358
1 5133 5731
1 5136 5138
1 5139 5737
1 5140 5147
1 5142 5198
1 5145 5743
1 5146 5153
1 5148 5204
1 5151 5749
1 5154 5210
1 5157 5755
1 5158 5165
1 5160 5216
1 5163 5761
1 5164 5171
1 5166 5222
1 5169 5767
1 5170 5177
1 5172 5228
1 5175 5773
1 5176 5183
1 5178 5234
1 5181 5779
1 5182 5189
1 5184 5240
1 5187 5785
1 5188 5195
1 5190 5246
1 5193 5791
1 5194 5201
1 5199 5797
1 5200 5207
1 5205 5803
1 5206 5213
1 5211 5809
1 5217 5815
1 5218 5225
1 5223 5821
1 5224 5231
1 5226 5372
1 5229 5827
1 5230 5237
1 5235 5833
1 5236 5243
1 5241 5839
1 5242 5249
1 5247 5845
1 5253 5851
1 5254 5261
1 5258 5376
1 5259 5857
1 5260 5267
1 5265 5863
1 5266 5273
1 5271 5869
1 5277 5875
1 5278 5285
1 5280 5336
1 5283 5881
1 5284 5291
1 5286 5342
1 5289 5887
1 5290 5297
1 5292 5348
1 5295 5893
1 5296 5303
1 5298 5354
1 5301 5899
1 5302 5309
1 5304 5360
1 5307 5905
1 5310 5366
1 5313 5911
1 5314 5321
1 5316 5378
1 5319 5917
1 5320 5327
1 5322 5384
1 5325 5923
1 5326 5333
1 5328 5390
1 5331 5929
1 5332 5339
1 5337 5935
1 5338 5345
1 5343 5941
1 5344 5351
1 5349 5947
1 5350 5357
1 5355 5953
1 5356 5363
1 5361 5959
1 5362 5369
1 5367 5965
1 5373 5971
1 5379 5977
1 5380 5387
1 5385 5983
1 5386 5393
1 5391 5989
1 5397 5995
1 5404 5999
1 5405 5710
1 5406 5516
1 5408 5730
1 5410 5741
1 5411 5482
1 5412 5792
1 5414 5934
1 5416 5717
1 5417 5992
1 5418 5468
1 5423 5998
1 5424 5528
1 5426 5676
1 5428 5435
1 5430 5534
1 5432 5682
1 5434 5489
1 5436 5540
1 5438 5964
1 5440 5447
1 5441 5734
1 5442 5744
1 5444 5970
1 5448 5750
1 5450 5982
1 5452 5459
1 5454 5756
1 5456 5988
1 5458 5465
1 5460 5762
1 5462 5994
1 5464 5471
1 5466 5768
1 5470 5477
1 5472 5774
1 5474 5718
1 5476 5483
1 5478 5780
1 5480 5724
1 5484 5786
1 5486 5688
1 5488 5495
1 5490 5546
1 5492 5694
1 5494 5501
1 5496 5552
1 5498 5700
1 5500 5507
1 5502 5876
1 5504 5706
1 5506 5513
1 5508 5882
1 5510 5712
1 5512 5519
1 5514 5888
1 5518 5525
1 5520 5894
1 5522 6000
1 5524 5531
1 5526 5900
1 5532 5906
1 5536 5543
1 5538 5912
1 5542 5549
1 5544 5918
1 5548 5555
1 5550 5924
1 5554 5879
1 5556 5930
1 5558 5832
1 5560 5567
1 5561 5974
1 5562 5864
1 5564 5838
1 5566 5573
1 5568 5870
1 5570 5844
1 5572 5579
1 5574 5636
1 5576 5850
1 5578 5585
1 5580 5642
1 5582 5610
1 5584 5591
1 5586 5648
1 5588 5616
1 5590 5597
1 5592 5654
1 5594 5622
1 5596 5603
1 5598 5660
1 5600 5628
1 5604 5666
1 5606 5796
1 5608 5615
1 5609 5848
1 5612 5802
1 5614 5621
1 5618 5808
1 5620 5627
1 5624 5814
1 5630 5820
1 5632 5975
1 5634 5852
1 5638 5645
1 5639 5872
1 5644 5651
1 5650 5657
1 5656 5663
1 5662 5669
1 5674 5681
1 5680 5687
1 5686 5693
1 5692 5699
1 5698 5705
1 5704 5711
1 5714 5940
1 5716 5723
1 5720 5946
1 5722 5729
1 5726 5952
1 5728 5735
1 5732 5958
1 5736 5738
1 5740 5747
1 5742 5798
1 5746 5753
1 5748 5804
1 5754 5810
1 5758 5765
1 5760 5816
1 5764 5771
1 5766 5822
1 5770 5777
1 5772 5828
1 5776 5783
1 5778 5834
1 5782 5789
1 5784 5840
1 5788 5795
1 5790 5846
1 5794 5801
1 5800 5807
1 5806 5813
1 5818 5825
1 5824 5831
1 5826 5972
1 5830 5837
1 5836 5843
1 5842 5849
1 5854 5861
1 5858 5976
1 5860 5867
1 5866 5873
1 5878 5885
1 5880 5936
1 5884 5891
1 5886 5942
1 5890 5897
1 5892 5948
1 5896 5903
1 5898 5954
1 5902 5909
1 5904 5960
1 5910 5966
1 5914 5921
1 5916 5978
1 5920 5927
1 5922 5984
1 5926 5933
1 5928 5990
1 5932 5939
1 5938 5945
1 5944 5951
1 5950 5957
1 5956 5963
1 5962 5969
1 5980 5987
1 5986 5993
