1 1 2 3 4 5 6
2 7 8 9 10 11 12
3 13 14 15 16 17 18
4 19 20 21 22 23 24
5 25 26 27 28 29 30
6 31 32 33 34 35 36
7 37 38 39 40 41 42
8 43 44 45 46 47 48
9 49 50 51 52 53 54
10 55 56 57 58 59 60
11 61 62 63 64 65 66
12 67 68 69 70 71 72
13 73 74 75 76 77 78
14 79 80 81 82 83 84
15 85 86 87 88 89 90
16 91 92 93 94 95 96
17 97 98 99 100 101 102
18 103 104 105 106 107 108
19 109 110 111 112 113 114
20 115 116 117 118 119 120
21 121 122 123 124 125 126
22 127 128 129 130 131 132
23 133 134 135 136 137 138
24 139 140 141 142 143 144
25 145 146 147 148 149 150
26 151 152 153 154 155 156
27 157 158 159 160 161 162
28 163 164 165 166 167 168
29 169 170 171 172 173 174
30 175 176 177 178 179 180
31 181 182 183 184 185 186
32 187 188 189 190 191 192
33 193 194 195 196 197 198
34 199 200 201 202 203 204
35 205 206 207 208 209 210
36 211 212 213 214 215 216
37 217 218 219 220 221 222
38 223 224 225 226 227 228
39 229 230 231 232 233 234
40 235 236 237 238 239 240
41 241 242 243 244 245 246
42 247 248 249 250 251 252
43 253 254 255 256 257 258
44 259 260 261 262 263 264
45 265 266 267 268 269 270
46 271 272 273 274 275 276
47 277 278 279 280 281 282
48 283 284 285 286 287 288
49 289 290 291 292 293 294
50 295 296 297 298 299 300
51 301 302 303 304 305 306
52 307 308 309 310 311 312
53 313 314 315 316 317 318
54 319 320 321 322 323 324
55 325 326 327 328 329 330
56 331 332 333 334 335 336
57 337 338 339 340 341 342
58 343 344 345 346 347 348
59 349 350 351 352 353 354
60 355 356 357 358 359 360
61 361 362 363 364 365 366
62 367 368 369 370 371 372
63 373 374 375 376 377 378
64 379 380 381 382 383 384
65 385 386 387 388 389 390
66 391 392 393 394 395 396
67 397 398 399 400 401 402
68 403 404 405 406 407 408
69 409 410 411 412 413 414
70 415 416 417 418 419 420
71 421 422 423 424 425 426
72 427 428 429 430 431 432
73 433 434 435 436 437 438
74 439 440 441 442 443 444
75 445 446 447 448 449 450
76 451 452 453 454 455 456
77 457 458 459 460 461 462
78 463 464 465 466 467 468
79 469 470 471 472 473 474
80 475 476 477 478 479 480
81 481 482 483 484 485 486
82 487 488 489 490 491 492
83 493 494 495 496 497 498
84 499 500 501 502 503 504
85 505 506 507 508 509 510
86 511 512 513 514 515 516
87 517 518 519 520 521 522
88 523 524 525 526 527 528
89 529 530 531 532 533 534
90 535 536 537 538 539 540
91 541 542 543 544 545 546
92 547 548 549 550 551 552
93 553 554 555 556 557 558
94 559 560 561 562 563 564
95 565 566 567 568 569 570
96 571 572 573 574 575 576
97 577 578 579 580 581 582
98 583 584 585 586 587 588
99 589 590 591 592 593 594
100 595 596 597 598 599 600
101 601 602 603 604 605 606
102 607 608 609 610 611 612
103 613 614 615 616 617 618
104 619 620 621 622 623 624
105 625 626 627 628 629 630
106 631 632 633 634 635 636
107 637 638 639 640 641 642
108 643 644 645 646 647 648
109 649 650 651 652 653 654
110 655 656 657 658 659 660
111 661 662 663 664 665 666
112 667 668 669 670 671 672
113 673 674 675 676 677 678
114 679 680 681 682 683 684
115 685 686 687 688 689 690
116 691 692 693 694 695 696
117 697 698 699 700 701 702
118 703 704 705 706 707 708
119 709 710 711 712 713 714
120 715 716 717 718 719 720
121 721 722 723 724 725 726
122 727 728 729 730 731 732
123 733 734 735 736 737 738
124 739 740 741 742 743 744
125 745 746 747 748 749 750
126 751 752 753 754 755 756
127 757 758 759 760 761 762
128 763 764 765 766 767 768
129 769 770 771 772 773 774
130 775 776 777 778 779 780
131 781 782 783 784 785 786
132 787 788 789 790 791 792
133 793 794 795 796 797 798
134 799 800 801 802 803 804
135 805 806 807 808 809 810
136 811 812 813 814 815 816
137 817 818 819 820 821 822
138 823 824 825 826 827 828
139 829 830 831 832 833 834
140 835 836 837 838 839 840
141 841 842 843 844 845 846
142 847 848 849 850 851 852
143 853 854 855 856 857 858
144 859 860 861 862 863 864
145 865 866 867 868 869 870
146 871 872 873 874 875 876
147 877 878 879 880 881 882
148 883 884 885 886 887 888
149 889 890 891 892 893 894
150 895 896 897 898 899 900
151 901 902 903 904 905 906
152 907 908 909 910 911 912
153 913 914 915 916 917 918
154 919 920 921 922 923 924
155 925 926 927 928 929 930
156 931 932 933 934 935 936
157 937 938 939 940 941 942
158 943 944 945 946 947 948
159 949 950 951 952 953 954
160 955 956 957 958 959 960
161 961 962 963 964 965 966
162 967 968 969 970 971 972
163 973 974 975 976 977 978
164 979 980 981 982 983 984
165 985 986 987 988 989 990
166 991 992 993 994 995 996
167 997 998 999 1000 1001 1002
168 1003 1004 1005 1006 1007 1008
169 1009 1010 1011 1012 1013 1014
170 1015 1016 1017 1018 1019 1020
171 1021 1022 1023 1024 1025 1026
172 1027 1028 1029 1030 1031 1032
173 1033 1034 1035 1036 1037 1038
174 1039 1040 1041 1042 1043 1044
175 1045 1046 1047 1048 1049 1050
176 1051 1052 1053 1054 1055 1056
177 1057 1058 1059 1060 1061 1062
178 1063 1064 1065 1066 1067 1068
179 1069 1070 1071 1072 1073 1074
180 1075 1076 1077 1078 1079 1080
181 1081 1082 1083 1084 1085 1086
182 1087 1088 1089 1090 1091 1092
183 1093 1094 1095 1096 1097 1098
184 1099 1100 1101 1102 1103 1104
185 1105 1106 1107 1108 1109 1110
186 1111 1112 1113 1114 1115 1116
187 1117 1118 1119 1120 1121 1122
188 1123 1124 1125 1126 1127 1128
189 1129 1130 1131 1132 1133 1134
190 1135 1136 1137 1138 1139 1140
191 1141 1142 1143 1144 1145 1146
192 1147 1148 1149 1150 1151 1152
193 1153 1154 1155 1156 1157 1158
194 1159 1160 1161 1162 1163 1164
195 1165 1166 1167 1168 1169 1170
196 1171 1172 1173 1174 1175 1176
197 1177 1178 1179 1180 1181 1182
198 1183 1184 1185 1186 1187 1188
199 1189 1190 1191 1192 1193 1194
200 1195 1196 1197 1198 1199 1200
201 1201 1202 1203 1204 1205 1206
202 1207 1208 1209 1210 1211 1212
203 1213 1214 1215 1216 1217 1218
204 1219 1220 1221 1222 1223 1224
205 1225 1226 1227 1228 1229 1230
206 1231 1232 1233 1234 1235 1236
207 1237 1238 1239 1240 1241 1242
208 1243 1244 1245 1246 1247 1248
209 1249 1250 1251 1252 1253 1254
210 1255 1256 1257 1258 1259 1260
211 1261 1262 1263 1264 1265 1266
212 1267 1268 1269 1270 1271 1272
213 1273 1274 1275 1276 1277 1278
214 1279 1280 1281 1282 1283 1284
215 1285 1286 1287 1288 1289 1290
216 1291 1292 1293 1294 1295 1296
217 1297 1298 1299 1300 1301 1302
218 1303 1304 1305 1306 1307 1308
219 1309 1310 1311 1312 1313 1314
220 1315 1316 1317 1318 1319 1320
221 1321 1322 1323 1324 1325 1326
222 1327 1328 1329 1330 1331 1332
223 1333 1334 1335 1336 1337 1338
224 1339 1340 1341 1342 1343 1344
225 1345 1346 1347 1348 1349 1350
226 1351 1352 1353 1354 1355 1356
227 1357 1358 1359 1360 1361 1362
228 1363 1364 1365 1366 1367 1368
229 1369 1370 1371 1372 1373 1374
230 1375 1376 1377 1378 1379 1380
231 1381 1382 1383 1384 1385 1386
232 1387 1388 1389 1390 1391 1392
233 1393 1394 1395 1396 1397 1398
234 1399 1400 1401 1402 1403 1404
235 1405 1406 1407 1408 1409 1410
236 1411 1412 1413 1414 1415 1416
237 1417 1418 1419 1420 1421 1422
238 1423 1424 1425 1426 1427 1428
239 1429 1430 1431 1432 1433 1434
240 1435 1436 1437 1438 1439 1440
241 1441 1442 1443 1444 1445 1446
242 1447 1448 1449 1450 1451 1452
243 1453 1454 1455 1456 1457 1458
244 1459 1460 1461 1462 1463 1464
245 1465 1466 1467 1468 1469 1470
246 1471 1472 1473 1474 1475 1476
247 1477 1478 1479 1480 1481 1482
248 1483 1484 1485 1486 1487 1488
249 1489 1490 1491 1492 1493 1494
250 1495 1496 1497 1498 1499 1500
251 1501 1502 1503 1504 1505 1506
252 1507 1508 1509 1510 1511 1512
253 1513 1514 1515 1516 1517 1518
254 1519 1520 1521 1522 1523 1524
255 1525 1526 1527 1528 1529 1530
256 1531 1532 1533 1534 1535 1536
257 1537 1538 1539 1540 1541 1542
258 1543 1544 1545 1546 1547 1548
259 1549 1550 1551 1552 1553 1554
260 1555 1556 1557 1558 1559 1560
261 1561 1562 1563 1564 1565 1566
262 1567 1568 1569 1570 1571 1572
263 1573 1574 1575 1576 1577 1578
264 1579 1580 1581 1582 1583 1584
265 1585 1586 1587 1588 1589 1590
266 1591 1592 1593 1594 1595 1596
267 1597 1598 1599 1600 1601 1602
268 1603 1604 1605 1606 1607 1608
269 1609 1610 1611 1612 1613 1614
270 1615 1616 1617 1618 1619 1620
271 1621 1622 1623 1624 1625 1626
272 1627 1628 1629 1630 1631 1632
273 1633 1634 1635 1636 1637 1638
274 1639 1640 1641 1642 1643 1644
275 1645 1646 1647 1648 1649 1650
276 1651 1652 1653 1654 1655 1656
277 1657 1658 1659 1660 1661 1662
278 1663 1664 1665 1666 1667 1668
279 1669 1670 1671 1672 1673 1674
280 1675 1676 1677 1678 1679 1680
281 1681 1682 1683 1684 1685 1686
282 1687 1688 1689 1690 1691 1692
283 1693 1694 1695 1696 1697 1698
284 1699 1700 1701 1702 1703 1704
285 1705 1706 1707 1708 1709 1710
286 1711 1712 1713 1714 1715 1716
287 1717 1718 1719 1720 1721 1722
288 1723 1724 1725 1726 1727 1728
289 1729 1730 1731 1732 1733 1734
290 1735 1736 1737 1738 1739 1740
291 1741 1742 1743 1744 1745 1746
292 1747 1748 1749 1750 1751 1752
293 1753 1754 1755 1756 1757 1758
294 1759 1760 1761 1762 1763 1764
295 1765 1766 1767 1768 1769 1770
296 1771 1772 1773 1774 1775 1776
297 1777 1778 1779 1780 1781 1782
298 1783 1784 1785 1786 1787 1788
299 1789 1790 1791 1792 1793 1794
300 1795 1796 1797 1798 1799 1800
301 1801 1802 1803 1804 1805 1806
302 1807 1808 1809 1810 1811 1812
303 1813 1814 1815 1816 1817 1818
304 1819 1820 1821 1822 1823 1824
305 1825 1826 1827 1828 1829 1830
306 1831 1832 1833 1834 1835 1836
307 1837 1838 1839 1840 1841 1842
308 1843 1844 1845 1846 1847 1848
309 1849 1850 1851 1852 1853 1854
310 1855 1856 1857 1858 1859 1860
311 1861 1862 1863 1864 1865 1866
312 1867 1868 1869 1870 1871 1872
313 1873 1874 1875 1876 1877 1878
314 1879 1880 1881 1882 1883 1884
315 1885 1886 1887 1888 1889 1890
316 1891 1892 1893 1894 1895 1896
317 1897 1898 1899 1900 1901 1902
318 1903 1904 1905 1906 1907 1908
319 1909 1910 1911 1912 1913 1914
320 1915 1916 1917 1918 1919 1920
321 1921 1922 1923 1924 1925 1926
322 1927 1928 1929 1930 1931 1932
323 1933 1934 1935 1936 1937 1938
324 1939 1940 1941 1942 1943 1944
325 1945 1946 1947 1948 1949 1950
326 1951 1952 1953 1954 1955 1956
327 1957 1958 1959 1960 1961 1962
328 1963 1964 1965 1966 1967 1968
329 1969 1970 1971 1972 1973 1974
330 1975 1976 1977 1978 1979 1980
331 1981 1982 1983 1984 1985 1986
332 1987 1988 1989 1990 1991 1992
333 1993 1994 1995 1996 1997 1998
334 1999 2000 2001 2002 2003 2004
335 2005 2006 2007 2008 2009 2010
336 2011 2012 2013 2014 2015 2016
337 2017 2018 2019 2020 2021 2022
338 2023 2024 2025 2026 2027 2028
339 2029 2030 2031 2032 2033 2034
340 2035 2036 2037 2038 2039 2040
341 2041 2042 2043 2044 2045 2046
342 2047 2048 2049 2050 2051 2052
343 2053 2054 2055 2056 2057 2058
344 2059 2060 2061 2062 2063 2064
345 2065 2066 2067 2068 2069 2070
346 2071 2072 2073 2074 2075 2076
347 2077 2078 2079 2080 2081 2082
348 2083 2084 2085 2086 2087 2088
349 2089 2090 2091 2092 2093 2094
350 2095 2096 2097 2098 2099 2100
351 2101 2102 2103 2104 2105 2106
352 2107 2108 2109 2110 2111 2112
353 2113 2114 2115 2116 2117 2118
354 2119 2120 2121 2122 2123 2124
355 2125 2126 2127 2128 2129 2130
356 2131 2132 2133 2134 2135 2136
357 2137 2138 2139 2140 2141 2142
358 2143 2144 2145 2146 2147 2148
359 2149 2150 2151 2152 2153 2154
360 2155 2156 2157 2158 2159 2160
361 2161 2162 2163 2164 2165 2166
362 2167 2168 2169 2170 2171 2172
363 2173 2174 2175 2176 2177 2178
364 2179 2180 2181 2182 2183 2184
365 2185 2186 2187 2188 2189 2190
366 2191 2192 2193 2194 2195 2196
367 2197 2198 2199 2200 2201 2202
368 2203 2204 2205 2206 2207 2208
369 2209 2210 2211 2212 2213 2214
370 2215 2216 2217 2218 2219 2220
371 2221 2222 2223 2224 2225 2226
372 2227 2228 2229 2230 2231 2232
373 2233 2234 2235 2236 2237 2238
374 2239 2240 2241 2242 2243 2244
375 2245 2246 2247 2248 2249 2250
376 2251 2252 2253 2254 2255 2256
377 2257 2258 2259 2260 2261 2262
378 2263 2264 2265 2266 2267 2268
379 2269 2270 2271 2272 2273 2274
380 2275 2276 2277 2278 2279 2280
381 2281 2282 2283 2284 2285 2286
382 2287 2288 2289 2290 2291 2292
383 2293 2294 2295 2296 2297 2298
384 2299 2300 2301 2302 2303 2304
385 2305 2306 2307 2308 2309 2310
386 2311 2312 2313 2314 2315 2316
387 2317 2318 2319 2320 2321 2322
388 2323 2324 2325 2326 2327 2328
389 2329 2330 2331 2332 2333 2334
390 2335 2336 2337 2338 2339 2340
391 2341 2342 2343 2344 2345 2346
392 2347 2348 2349 2350 2351 2352
393 2353 2354 2355 2356 2357 2358
394 2359 2360 2361 2362 2363 2364
395 2365 2366 2367 2368 2369 2370
396 2371 2372 2373 2374 2375 2376
397 2377 2378 2379 2380 2381 2382
398 2383 2384 2385 2386 2387 2388
399 2389 2390 2391 2392 2393 2394
400 2395 2396 2397 2398 2399 2400
401 2401 2402 2403 2404 2405 2406
402 2407 2408 2409 2410 2411 2412
403 2413 2414 2415 2416 2417 2418
404 2419 2420 2421 2422 2423 2424
405 2425 2426 2427 2428 2429 2430
406 2431 2432 2433 2434 2435 2436
407 2437 2438 2439 2440 2441 2442
408 2443 2444 2445 2446 2447 2448
409 2449 2450 2451 2452 2453 2454
410 2455 2456 2457 2458 2459 2460
411 2461 2462 2463 2464 2465 2466
412 2467 2468 2469 2470 2471 2472
413 2473 2474 2475 2476 2477 2478
414 2479 2480 2481 2482 2483 2484
415 2485 2486 2487 2488 2489 2490
416 2491 2492 2493 2494 2495 2496
417 2497 2498 2499 2500 2501 2502
418 2503 2504 2505 2506 2507 2508
419 2509 2510 2511 2512 2513 2514
420 2515 2516 2517 2518 2519 2520
421 2521 2522 2523 2524 2525 2526
422 2527 2528 2529 2530 2531 2532
423 2533 2534 2535 2536 2537 2538
424 2539 2540 2541 2542 2543 2544
425 2545 2546 2547 2548 2549 2550
426 2551 2552 2553 2554 2555 2556
427 2557 2558 2559 2560 2561 2562
428 2563 2564 2565 2566 2567 2568
429 2569 2570 2571 2572 2573 2574
430 2575 2576 2577 2578 2579 2580
431 2581 2582 2583 2584 2585 2586
432 2587 2588 2589 2590 2591 2592
433 2593 2594 2595 2596 2597 2598
434 2599 2600 2601 2602 2603 2604
435 2605 2606 2607 2608 2609 2610
436 2611 2612 2613 2614 2615 2616
437 2617 2618 2619 2620 2621 2622
438 2623 2624 2625 2626 2627 2628
439 2629 2630 2631 2632 2633 2634
440 2635 2636 2637 2638 2639 2640
441 2641 2642 2643 2644 2645 2646
442 2647 2648 2649 2650 2651 2652
443 2653 2654 2655 2656 2657 2658
444 2659 2660 2661 2662 2663 2664
445 2665 2666 2667 2668 2669 2670
446 2671 2672 2673 2674 2675 2676
447 2677 2678 2679 2680 2681 2682
448 2683 2684 2685 2686 2687 2688
449 2689 2690 2691 2692 2693 2694
450 2695 2696 2697 2698 2699 2700
451 2701 2702 2703 2704 2705 2706
452 2707 2708 2709 2710 2711 2712
453 2713 2714 2715 2716 2717 2718
454 2719 2720 2721 2722 2723 2724
455 2725 2726 2727 2728 2729 2730
456 2731 2732 2733 2734 2735 2736
457 2737 2738 2739 2740 2741 2742
458 2743 2744 2745 2746 2747 2748
459 2749 2750 2751 2752 2753 2754
460 2755 2756 2757 2758 2759 2760
461 2761 2762 2763 2764 2765 2766
462 2767 2768 2769 2770 2771 2772
463 2773 2774 2775 2776 2777 2778
464 2779 2780 2781 2782 2783 2784
465 2785 2786 2787 2788 2789 2790
466 2791 2792 2793 2794 2795 2796
467 2797 2798 2799 2800 2801 2802
468 2803 2804 2805 2806 2807 2808
469 2809 2810 2811 2812 2813 2814
470 2815 2816 2817 2818 2819 2820
471 2821 2822 2823 2824 2825 2826
472 2827 2828 2829 2830 2831 2832
473 2833 2834 2835 2836 2837 2838
474 2839 2840 2841 2842 2843 2844
475 2845 2846 2847 2848 2849 2850
476 2851 2852 2853 2854 2855 2856
477 2857 2858 2859 2860 2861 2862
478 2863 2864 2865 2866 2867 2868
479 2869 2870 2871 2872 2873 2874
480 2875 2876 2877 2878 2879 2880
481 2881 2882 2883 2884 2885 2886
482 2887 2888 2889 2890 2891 2892
483 2893 2894 2895 2896 2897 2898
484 2899 2900 2901 2902 2903 2904
485 2905 2906 2907 2908 2909 2910
486 2911 2912 2913 2914 2915 2916
487 2917 2918 2919 2920 2921 2922
488 2923 2924 2925 2926 2927 2928
489 2929 2930 2931 2932 2933 2934
490 2935 2936 2937 2938 2939 2940
491 2941 2942 2943 2944 2945 2946
492 2947 2948 2949 2950 2951 2952
493 2953 2954 2955 2956 2957 2958
494 2959 2960 2961 2962 2963 2964
495 2965 2966 2967 2968 2969 2970
496 2971 2972 2973 2974 2975 2976
497 2977 2978 2979 2980 2981 2982
498 2983 2984 2985 2986 2987 2988
499 2989 2990 2991 2992 2993 2994
500 2995 2996 2997 2998 2999 3000
501 3001 3002 3003 3004 3005 3006
502 3007 3008 3009 3010 3011 3012
503 3013 3014 3015 3016 3017 3018
504 3019 3020 3021 3022 3023 3024
505 3025 3026 3027 3028 3029 3030
506 3031 3032 3033 3034 3035 3036
507 3037 3038 3039 3040 3041 3042
508 3043 3044 3045 3046 3047 3048
509 3049 3050 3051 3052 3053 3054
510 3055 3056 3057 3058 3059 3060
511 3061 3062 3063 3064 3065 3066
512 3067 3068 3069 3070 3071 3072
513 3073 3074 3075 3076 3077 3078
514 3079 3080 3081 3082 3083 3084
515 3085 3086 3087 3088 3089 3090
516 3091 3092 3093 3094 3095 3096
517 3097 3098 3099 3100 3101 3102
518 3103 3104 3105 3106 3107 3108
519 3109 3110 3111 3112 3113 3114
520 3115 3116 3117 3118 3119 3120
521 3121 3122 3123 3124 3125 3126
522 3127 3128 3129 3130 3131 3132
523 3133 3134 3135 3136 3137 3138
524 3139 3140 3141 3142 3143 3144
525 3145 3146 3147 3148 3149 3150
526 3151 3152 3153 3154 3155 3156
527 3157 3158 3159 3160 3161 3162
528 3163 3164 3165 3166 3167 3168
529 3169 3170 3171 3172 3173 3174
530 3175 3176 3177 3178 3179 3180
531 3181 3182 3183 3184 3185 3186
532 3187 3188 3189 3190 3191 3192
533 3193 3194 3195 3196 3197 3198
534 3199 3200 3201 3202 3203 3204
535 3205 3206 3207 3208 3209 3210
536 3211 3212 3213 3214 3215 3216
537 3217 3218 3219 3220 3221 3222
538 3223 3224 3225 3226 3227 3228
539 3229 3230 3231 3232 3233 3234
540 3235 3236 3237 3238 3239 3240
541 3241 3242 3243 3244 3245 3246
542 3247 3248 3249 3250 3251 3252
543 3253 3254 3255 3256 3257 3258
544 3259 3260 3261 3262 3263 3264
545 3265 3266 3267 3268 3269 3270
546 3271 3272 3273 3274 3275 3276
547 3277 3278 3279 3280 3281 3282
548 3283 3284 3285 3286 3287 3288
549 3289 3290 3291 3292 3293 3294
550 3295 3296 3297 3298 3299 3300
551 3301 3302 3303 3304 3305 3306
552 3307 3308 3309 3310 3311 3312
553 3313 3314 3315 3316 3317 3318
554 3319 3320 3321 3322 3323 3324
555 3325 3326 3327 3328 3329 3330
556 3331 3332 3333 3334 3335 3336
557 3337 3338 3339 3340 3341 3342
558 3343 3344 3345 3346 3347 3348
559 3349 3350 3351 3352 3353 3354
560 3355 3356 3357 3358 3359 3360
561 3361 3362 3363 3364 3365 3366
562 3367 3368 3369 3370 3371 3372
563 3373 3374 3375 3376 3377 3378
564 3379 3380 3381 3382 3383 3384
565 3385 3386 3387 3388 3389 3390
566 3391 3392 3393 3394 3395 3396
567 3397 3398 3399 3400 3401 3402
568 3403 3404 3405 3406 3407 3408
569 3409 3410 3411 3412 3413 3414
570 3415 3416 3417 3418 3419 3420
571 3421 3422 3423 3424 3425 3426
572 3427 3428 3429 3430 3431 3432
573 3433 3434 3435 3436 3437 3438
574 3439 3440 3441 3442 3443 3444
575 3445 3446 3447 3448 3449 3450
576 3451 3452 3453 3454 3455 3456
577 3457 3458 3459 3460 3461 3462
578 3463 3464 3465 3466 3467 3468
579 3469 3470 3471 3472 3473 3474
580 3475 3476 3477 3478 3479 3480
581 3481 3482 3483 3484 3485 3486
582 3487 3488 3489 3490 3491 3492
583 3493 3494 3495 3496 3497 3498
584 3499 3500 3501 3502 3503 3504
585 3505 3506 3507 3508 3509 3510
586 3511 3512 3513 3514 3515 3516
587 3517 3518 3519 3520 3521 3522
588 3523 3524 3525 3526 3527 3528
589 3529 3530 3531 3532 3533 3534
590 3535 3536 3537 3538 3539 3540
591 3541 3542 3543 3544 3545 3546
592 3547 3548 3549 3550 3551 3552
593 3553 3554 3555 3556 3557 3558
594 3559 3560 3561 3562 3563 3564
595 3565 3566 3567 3568 3569 3570
596 3571 3572 3573 3574 3575 3576
597 3577 3578 3579 3580 3581 3582
598 3583 3584 3585 3586 3587 3588
599 3589 3590 3591 3592 3593 3594
600 3595 3596 3597 3598 3599 3600
601 3601 3602 3603 3604 3605 3606
602 3607 3608 3609 3610 3611 3612
603 3613 3614 3615 3616 3617 3618
604 3619 3620 3621 3622 3623 3624
605 3625 3626 3627 3628 3629 3630
606 3631 3632 3633 3634 3635 3636
607 3637 3638 3639 3640 3641 3642
608 3643 3644 3645 3646 3647 3648
609 3649 3650 3651 3652 3653 3654
610 3655 3656 3657 3658 3659 3660
611 3661 3662 3663 3664 3665 3666
612 3667 3668 3669 3670 3671 3672
613 3673 3674 3675 3676 3677 3678
614 3679 3680 3681 3682 3683 3684
615 3685 3686 3687 3688 3689 3690
616 3691 3692 3693 3694 3695 3696
617 3697 3698 3699 3700 3701 3702
618 3703 3704 3705 3706 3707 3708
619 3709 3710 3711 3712 3713 3714
620 3715 3716 3717 3718 3719 3720
621 3721 3722 3723 3724 3725 3726
622 3727 3728 3729 3730 3731 3732
623 3733 3734 3735 3736 3737 3738
624 3739 3740 3741 3742 3743 3744
625 3745 3746 3747 3748 3749 3750
626 3751 3752 3753 3754 3755 3756
627 3757 3758 3759 3760 3761 3762
628 3763 3764 3765 3766 3767 3768
629 3769 3770 3771 3772 3773 3774
630 3775 3776 3777 3778 3779 3780
631 3781 3782 3783 3784 3785 3786
632 3787 3788 3789 3790 3791 3792
633 3793 3794 3795 3796 3797 3798
634 3799 3800 3801 3802 3803 3804
635 3805 3806 3807 3808 3809 3810
636 3811 3812 3813 3814 3815 3816
637 3817 3818 3819 3820 3821 3822
638 3823 3824 3825 3826 3827 3828
639 3829 3830 3831 3832 3833 3834
640 3835 3836 3837 3838 3839 3840
641 3841 3842 3843 3844 3845 3846
642 3847 3848 3849 3850 3851 3852
643 3853 3854 3855 3856 3857 3858
644 3859 3860 3861 3862 3863 3864
645 3865 3866 3867 3868 3869 3870
646 3871 3872 3873 3874 3875 3876
647 3877 3878 3879 3880 3881 3882
648 3883 3884 3885 3886 3887 3888
649 3889 3890 3891 3892 3893 3894
650 3895 3896 3897 3898 3899 3900
651 3901 3902 3903 3904 3905 3906
652 3907 3908 3909 3910 3911 3912
653 3913 3914 3915 3916 3917 3918
654 3919 3920 3921 3922 3923 3924
655 3925 3926 3927 3928 3929 3930
656 3931 3932 3933 3934 3935 3936
657 3937 3938 3939 3940 3941 3942
658 3943 3944 3945 3946 3947 3948
659 3949 3950 3951 3952 3953 3954
660 3955 3956 3957 3958 3959 3960
661 3961 3962 3963 3964 3965 3966
662 3967 3968 3969 3970 3971 3972
663 3973 3974 3975 3976 3977 3978
664 3979 3980 3981 3982 3983 3984
665 3985 3986 3987 3988 3989 3990
666 3991 3992 3993 3994 3995 3996
667 3997 3998 3999 4000 4001 4002
668 4003 4004 4005 4006 4007 4008
669 4009 4010 4011 4012 4013 4014
670 4015 4016 4017 4018 4019 4020
671 4021 4022 4023 4024 4025 4026
672 4027 4028 4029 4030 4031 4032
673 4033 4034 4035 4036 4037 4038
674 4039 4040 4041 4042 4043 4044
675 4045 4046 4047 4048 4049 4050
676 4051 4052 4053 4054 4055 4056
677 4057 4058 4059 4060 4061 4062
678 4063 4064 4065 4066 4067 4068
679 4069 4070 4071 4072 4073 4074
680 4075 4076 4077 4078 4079 4080
681 4081 4082 4083 4084 4085 4086
682 4087 4088 4089 4090 4091 4092
683 4093 4094 4095 4096 4097 4098
684 4099 4100 4101 4102 4103 4104
685 4105 4106 4107 4108 4109 4110
686 4111 4112 4113 4114 4115 4116
687 4117 4118 4119 4120 4121 4122
688 4123 4124 4125 4126 4127 4128
689 4129 4130 4131 4132 4133 4134
690 4135 4136 4137 4138 4139 4140
691 4141 4142 4143 4144 4145 4146
692 4147 4148 4149 4150 4151 4152
693 4153 4154 4155 4156 4157 4158
694 4159 4160 4161 4162 4163 4164
695 4165 4166 4167 4168 4169 4170
696 4171 4172 4173 4174 4175 4176
697 4177 4178 4179 4180 4181 4182
698 4183 4184 4185 4186 4187 4188
699 4189 4190 4191 4192 4193 4194
700 4195 4196 4197 4198 4199 4200
701 4201 4202 4203 4204 4205 4206
702 4207 4208 4209 4210 4211 4212
703 4213 4214 4215 4216 4217 4218
704 4219 4220 4221 4222 4223 4224
705 4225 4226 4227 4228 4229 4230
706 4231 4232 4233 4234 4235 4236
707 4237 4238 4239 4240 4241 4242
708 4243 4244 4245 4246 4247 4248
709 4249 4250 4251 4252 4253 4254
710 4255 4256 4257 4258 4259 4260
711 4261 4262 4263 4264 4265 4266
712 4267 4268 4269 4270 4271 4272
713 4273 4274 4275 4276 4277 4278
714 4279 4280 4281 4282 4283 4284
715 4285 4286 4287 4288 4289 4290
716 4291 4292 4293 4294 4295 4296
717 4297 4298 4299 4300 4301 4302
718 4303 4304 4305 4306 4307 4308
719 4309 4310 4311 4312 4313 4314
720 4315 4316 4317 4318 4319 4320
721 4321 4322 4323 4324 4325 4326
722 4327 4328 4329 4330 4331 4332
723 4333 4334 4335 4336 4337 4338
724 4339 4340 4341 4342 4343 4344
725 4345 4346 4347 4348 4349 4350
726 4351 4352 4353 4354 4355 4356
727 4357 4358 4359 4360 4361 4362
728 4363 4364 4365 4366 4367 4368
729 4369 4370 4371 4372 4373 4374
730 4375 4376 4377 4378 4379 4380
731 4381 4382 4383 4384 4385 4386
732 4387 4388 4389 4390 4391 4392
733 4393 4394 4395 4396 4397 4398
734 4399 4400 4401 4402 4403 4404
735 4405 4406 4407 4408 4409 4410
736 4411 4412 4413 4414 4415 4416
737 4417 4418 4419 4420 4421 4422
738 4423 4424 4425 4426 4427 4428
739 4429 4430 4431 4432 4433 4434
740 4435 4436 4437 4438 4439 4440
741 4441 4442 4443 4444 4445 4446
742 4447 4448 4449 4450 4451 4452
743 4453 4454 4455 4456 4457 4458
744 4459 4460 4461 4462 4463 4464
745 4465 4466 4467 4468 4469 4470
746 4471 4472 4473 4474 4475 4476
747 4477 4478 4479 4480 4481 4482
748 4483 4484 4485 4486 4487 4488
749 4489 4490 4491 4492 4493 4494
750 4495 4496 4497 4498 4499 4500
751 4501 4502 4503 4504 4505 4506
752 4507 4508 4509 4510 4511 4512
753 4513 4514 4515 4516 4517 4518
754 4519 4520 4521 4522 4523 4524
755 4525 4526 4527 4528 4529 4530
756 4531 4532 4533 4534 4535 4536
757 4537 4538 4539 4540 4541 4542
758 4543 4544 4545 4546 4547 4548
759 4549 4550 4551 4552 4553 4554
760 4555 4556 4557 4558 4559 4560
761 4561 4562 4563 4564 4565 4566
762 4567 4568 4569 4570 4571 4572
763 4573 4574 4575 4576 4577 4578
764 4579 4580 4581 4582 4583 4584
765 4585 4586 4587 4588 4589 4590
766 4591 4592 4593 4594 4595 4596
767 4597 4598 4599 4600 4601 4602
768 4603 4604 4605 4606 4607 4608
769 4609 4610 4611 4612 4613 4614
770 4615 4616 4617 4618 4619 4620
771 4621 4622 4623 4624 4625 4626
772 4627 4628 4629 4630 4631 4632
773 4633 4634 4635 4636 4637 4638
774 4639 4640 4641 4642 4643 4644
775 4645 4646 4647 4648 4649 4650
776 4651 4652 4653 4654 4655 4656
777 4657 4658 4659 4660 4661 4662
778 4663 4664 4665 4666 4667 4668
779 4669 4670 4671 4672 4673 4674
780 4675 4676 4677 4678 4679 4680
781 4681 4682 4683 4684 4685 4686
782 4687 4688 4689 4690 4691 4692
783 4693 4694 4695 4696 4697 4698
784 4699 4700 4701 4702 4703 4704
785 4705 4706 4707 4708 4709 4710
786 4711 4712 4713 4714 4715 4716
787 4717 4718 4719 4720 4721 4722
788 4723 4724 4725 4726 4727 4728
789 4729 4730 4731 4732 4733 4734
790 4735 4736 4737 4738 4739 4740
791 4741 4742 4743 4744 4745 4746
792 4747 4748 4749 4750 4751 4752
793 4753 4754 4755 4756 4757 4758
794 4759 4760 4761 4762 4763 4764
795 4765 4766 4767 4768 4769 4770
796 4771 4772 4773 4774 4775 4776
797 4777 4778 4779 4780 4781 4782
798 4783 4784 4785 4786 4787 4788
799 4789 4790 4791 4792 4793 4794
800 4795 4796 4797 4798 4799 4800
801 4801 4802 4803 4804 4805 4806
802 4807 4808 4809 4810 4811 4812
803 4813 4814 4815 4816 4817 4818
804 4819 4820 4821 4822 4823 4824
805 4825 4826 4827 4828 4829 4830
806 4831 4832 4833 4834 4835 4836
807 4837 4838 4839 4840 4841 4842
808 4843 4844 4845 4846 4847 4848
809 4849 4850 4851 4852 4853 4854
810 4855 4856 4857 4858 4859 4860
811 4861 4862 4863 4864 4865 4866
812 4867 4868 4869 4870 4871 4872
813 4873 4874 4875 4876 4877 4878
814 4879 4880 4881 4882 4883 4884
815 4885 4886 4887 4888 4889 4890
816 4891 4892 4893 4894 4895 4896
817 4897 4898 4899 4900 4901 4902
818 4903 4904 4905 4906 4907 4908
819 4909 4910 4911 4912 4913 4914
820 4915 4916 4917 4918 4919 4920
821 4921 4922 4923 4924 4925 4926
822 4927 4928 4929 4930 4931 4932
823 4933 4934 4935 4936 4937 4938
824 4939 4940 4941 4942 4943 4944
825 4945 4946 4947 4948 4949 4950
826 4951 4952 4953 4954 4955 4956
827 4957 4958 4959 4960 4961 4962
828 4963 4964 4965 4966 4967 4968
829 4969 4970 4971 4972 4973 4974
830 4975 4976 4977 4978 4979 4980
831 4981 4982 4983 4984 4985 4986
832 4987 4988 4989 4990 4991 4992
833 4993 4994 4995 4996 4997 4998
834 4999 5000 5001 5002 5003 5004
835 5005 5006 5007 5008 5009 5010
836 5011 5012 5013 5014 5015 5016
837 5017 5018 5019 5020 5021 5022
838 5023 5024 5025 5026 5027 5028
839 5029 5030 5031 5032 5033 5034
840 5035 5036 5037 5038 5039 5040
841 5041 5042 5043 5044 5045 5046
842 5047 5048 5049 5050 5051 5052
843 5053 5054 5055 5056 5057 5058
844 5059 5060 5061 5062 5063 5064
845 5065 5066 5067 5068 5069 5070
846 5071 5072 5073 5074 5075 5076
847 5077 5078 5079 5080 5081 5082
848 5083 5084 5085 5086 5087 5088
849 5089 5090 5091 5092 5093 5094
850 5095 5096 5097 5098 5099 5100
851 5101 5102 5103 5104 5105 5106
852 5107 5108 5109 5110 5111 5112
853 5113 5114 5115 5116 5117 5118
854 5119 5120 5121 5122 5123 5124
855 5125 5126 5127 5128 5129 5130
856 5131 5132 5133 5134 5135 5136
857 5137 5138 5139 5140 5141 5142
858 5143 5144 5145 5146 5147 5148
859 5149 5150 5151 5152 5153 5154
860 5155 5156 5157 5158 5159 5160
861 5161 5162 5163 5164 5165 5166
862 5167 5168 5169 5170 5171 5172
863 5173 5174 5175 5176 5177 5178
864 5179 5180 5181 5182 5183 5184
865 5185 5186 5187 5188 5189 5190
866 5191 5192 5193 5194 5195 5196
867 5197 5198 5199 5200 5201 5202
868 5203 5204 5205 5206 5207 5208
869 5209 5210 5211 5212 5213 5214
870 5215 5216 5217 5218 5219 5220
871 5221 5222 5223 5224 5225 5226
872 5227 5228 5229 5230 5231 5232
873 5233 5234 5235 5236 5237 5238
874 5239 5240 5241 5242 5243 5244
875 5245 5246 5247 5248 5249 5250
876 5251 5252 5253 5254 5255 5256
877 5257 5258 5259 5260 5261 5262
878 5263 5264 5265 5266 5267 5268
879 5269 5270 5271 5272 5273 5274
880 5275 5276 5277 5278 5279 5280
881 5281 5282 5283 5284 5285 5286
882 5287 5288 5289 5290 5291 5292
883 5293 5294 5295 5296 5297 5298
884 5299 5300 5301 5302 5303 5304
885 5305 5306 5307 5308 5309 5310
886 5311 5312 5313 5314 5315 5316
887 5317 5318 5319 5320 5321 5322
888 5323 5324 5325 5326 5327 5328
889 5329 5330 5331 5332 5333 5334
890 5335 5336 5337 5338 5339 5340
891 5341 5342 5343 5344 5345 5346
892 5347 5348 5349 5350 5351 5352
893 5353 5354 5355 5356 5357 5358
894 5359 5360 5361 5362 5363 5364
895 5365 5366 5367 5368 5369 5370
896 5371 5372 5373 5374 5375 5376
897 5377 5378 5379 5380 5381 5382
898 5383 5384 5385 5386 5387 5388
899 5389 5390 5391 5392 5393 5394
900 5395 5396 5397 5398 5399 5400
901 5401 5402 5403 5404 5405 5406
902 5407 5408 5409 5410 5411 5412
903 5413 5414 5415 5416 5417 5418
904 5419 5420 5421 5422 5423 5424
905 5425 5426 5427 5428 5429 5430
906 5431 5432 5433 5434 5435 5436
907 5437 5438 5439 5440 5441 5442
908 5443 5444 5445 5446 5447 5448
909 5449 5450 5451 5452 5453 5454
910 5455 5456 5457 5458 5459 5460
911 5461 5462 5463 5464 5465 5466
912 5467 5468 5469 5470 5471 5472
913 5473 5474 5475 5476 5477 5478
914 5479 5480 5481 5482 5483 5484
915 5485 5486 5487 5488 5489 5490
916 5491 5492 5493 5494 5495 5496
917 5497 5498 5499 5500 5501 5502
918 5503 5504 5505 5506 5507 5508
919 5509 5510 5511 5512 5513 5514
920 5515 5516 5517 5518 5519 5520
921 5521 5522 5523 5524 5525 5526
922 5527 5528 5529 5530 5531 5532
923 5533 5534 5535 5536 5537 5538
924 5539 5540 5541 5542 5543 5544
925 5545 5546 5547 5548 5549 5550
926 5551 5552 5553 5554 5555 5556
927 5557 5558 5559 5560 5561 5562
928 5563 5564 5565 5566 5567 5568
929 5569 5570 5571 5572 5573 5574
930 5575 5576 5577 5578 5579 5580
931 5581 5582 5583 5584 5585 5586
932 5587 5588 5589 5590 5591 5592
933 5593 5594 5595 5596 5597 5598
934 5599 5600 5601 5602 5603 5604
935 5605 5606 5607 5608 5609 5610
936 5611 5612 5613 5614 5615 5616
937 5617 5618 5619 5620 5621 5622
938 5623 5624 5625 5626 5627 5628
939 5629 5630 5631 5632 5633 5634
940 5635 5636 5637 5638 5639 5640
941 5641 5642 5643 5644 5645 5646
942 5647 5648 5649 5650 5651 5652
943 5653 5654 5655 5656 5657 5658
944 5659 5660 5661 5662 5663 5664
945 5665 5666 5667 5668 5669 5670
946 5671 5672 5673 5674 5675 5676
947 5677 5678 5679 5680 5681 5682
948 5683 5684 5685 5686 5687 5688
949 5689 5690 5691 5692 5693 5694
950 5695 5696 5697 5698 5699 5700
951 5701 5702 5703 5704 5705 5706
952 5707 5708 5709 5710 5711 5712
953 5713 5714 5715 5716 5717 5718
954 5719 5720 5721 5722 5723 5724
955 5725 5726 5727 5728 5729 5730
956 5731 5732 5733 5734 5735 5736
957 5737 5738 5739 5740 5741 5742
958 5743 5744 5745 5746 5747 5748
959 5749 5750 5751 5752 5753 5754
960 5755 5756 5757 5758 5759 5760
961 5761 5762 5763 5764 5765 5766
962 5767 5768 5769 5770 5771 5772
963 5773 5774 5775 5776 5777 5778
964 5779 5780 5781 5782 5783 5784
965 5785 5786 5787 5788 5789 5790
966 5791 5792 5793 5794 5795 5796
967 5797 5798 5799 5800 5801 5802
968 5803 5804 5805 5806 5807 5808
969 5809 5810 5811 5812 5813 5814
970 5815 5816 5817 5818 5819 5820
971 5821 5822 5823 5824 5825 5826
972 5827 5828 5829 5830 5831 5832
973 5833 5834 5835 5836 5837 5838
974 5839 5840 5841 5842 5843 5844
975 5845 5846 5847 5848 5849 5850
976 5851 5852 5853 5854 5855 5856
977 5857 5858 5859 5860 5861 5862
978 5863 5864 5865 5866 5867 5868
979 5869 5870 5871 5872 5873 5874
980 5875 5876 5877 5878 5879 5880
981 5881 5882 5883 5884 5885 5886
982 5887 5888 5889 5890 5891 5892
983 5893 5894 5895 5896 5897 5898
984 5899 5900 5901 5902 5903 5904
985 5905 5906 5907 5908 5909 5910
986 5911 5912 5913 5914 5915 5916
987 5917 5918 5919 5920 5921 5922
988 5923 5924 5925 5926 5927 5928
989 5929 5930 5931 5932 5933 5934
990 5935 5936 5937 5938 5939 5940
991 5941 5942 5943 5944 5945 5946
992 5947 5948 5949 5950 5951 5952
993 5953 5954 5955 5956 5957 5958
994 5959 5960 5961 5962 5963 5964
995 5965 5966 5967 5968 5969 5970
996 5971 5972 5973 5974 5975 5976
997 5977 5978 5979 5980 5981 5982
998 5983 5984 5985 5986 5987 5988
999 5989 5990 5991 5992 5993 5994
1000 5995 5996 5997 5998 5999 6000
