-1
-2
-5
-668
-671
-61
-65
-121
-125
-731
-791
-7
-8
-13
-14
-67
-73
-127
-133
-674
-680
-19
-20
-686
-25
-26
-692
-79
-85
-139
-145
-187
-193
-199
-205
-253
-259
-265
-247
-181
-185
-241
-245
-923
-989
-301
-305
-1049
-307
-313
-361
-365
-367
-373
-421
-425
-427
-433
-1109
-1169
-559
-563
-629
-529
-533
-534
-863
-864
-481
-535
-540
-541
-546
-553
-870
-876
-379
-439
-487
-547
-552
-882
-445
-493
-565
-570
-636
-385
-319
-325
-271
-331
-277
-283
-337
-343
-391
-397
-403
-451
-457
-463
-499
-571
-576
-642
-505
-511
-577
-582
-583
-588
-648
-654
-409
-469
-517
-589
-594
-660
-475
-478
-523
-526
-595
-598
-600
-622
-664
-666
-856
-415
-418
-1162
-349
-355
-358
-1102
-289
-295
-298
-1042
-163
-169
-175
-178
-223
-229
-235
-238
-916
-976
-103
-109
-115
-118
-784
-97
-157
-217
-151
-211
-91
-31
-32
-37
-38
-43
-44
-698
-704
-710
-49
-50
-716
-55
-56
-58
-722
-724
-1268
-1271
-1331
-1391
-1274
-1280
-1286
-1292
-1523
-1589
-1649
-1709
-1769
-1229
-1463
-1464
-1470
-1476
-1482
-1236
-1242
-1248
-1254
-1260
-1222
-1264
-1266
-1456
-1762
-1702
-1642
-1516
-1576
-1384
-1298
-1304
-1310
-1316
-1322
-1324
-2354
-2357
-2159
-2219
-2360
-2366
-2372
-2378
-2063
-2129
-1847
-1907
-1967
-2315
-2003
-2004
-2010
-2016
-2022
-2322
-2328
-2334
-2340
-2346
-2284
-2308
-2350
-2352
-1960
-1900
-1840
-2056
-2116
-2212
-2384
-2390
-2396
-2144
-2150
-2152
-2666
-2669
-3266
-3269
-2531
-2993
-3131
-3593
-2672
-2678
-3272
-3278
-2684
-3284
-2690
-3290
-2897
-2963
-3497
-3563
-2447
-3047
-2741
-2801
-3341
-3401
-2627
-3227
-2837
-2838
-3437
-3438
-2844
-2850
-3444
-3450
-2856
-3456
-2634
-3234
-2640
-3240
-2646
-2652
-3246
-3252
-2658
-3258
-2596
-2620
-2662
-2664
-3196
-3220
-3262
-3264
-2794
-3394
-2734
-3334
-2440
-3040
-2890
-2950
-3490
-3550
-2524
-3124
-2696
-2702
-2708
-3296
-3302
-3308
-2978
-3578
-2984
-2986
-3584
-3586
-4148
-4151
-3905
-4013
-4154
-4160
-4166
-4172
-3809
-3875
-3929
-3653
-3713
-4109
-3749
-3750
-3756
-3762
-3768
-4116
-4122
-4128
-4134
-4140
-4078
-4102
-4144
-4146
-3706
-3646
-3922
-3802
-3862
-4006
-4178
-4184
-4190
-3890
-3896
-3898
-4472
-4475
-4229
-4337
-4478
-4484
-4490
-4496
-4715
-4781
-4253
-4559
-4619
-4433
-4655
-4656
-4662
-4668
-4674
-4440
-4446
-4452
-4458
-4464
-4402
-4426
-4468
-4470
-4612
-4552
-4246
-4708
-4768
-4330
-4202
-4502
-4508
-4796
-4220
-4222
-5072
-5075
-4829
-4937
-5078
-5084
-5090
-5096
-5315
-5381
-4853
-5159
-5219
-5033
-5255
-5256
-5262
-5268
-5274
-5040
-5046
-5052
-5058
-5064
-5002
-5026
-5068
-5070
-5212
-5152
-4846
-5308
-5368
-4930
-4802
-5102
-5108
-5396
-4820
-4822
-5672
-5673
-5675
-5427
-5429
-5535
-5537
-5433
-5487
-5541
-5547
-5678
-5679
-5684
-5685
-5690
-5691
-5696
-5697
-5493
-5499
-5553
-5877
-5919
-5925
-5931
-5937
-5415
-5715
-5991
-5985
-5913
-5915
-5979
-5981
-5451
-5453
-5457
-5463
-5757
-5759
-5763
-5769
-5817
-5819
-5823
-5829
-5631
-5633
-5853
-5855
-5856
-5559
-5859
-5862
-5865
-5868
-5973
-5565
-5775
-5835
-5871
-5874
-5571
-5637
-5640
-5841
-5781
-5469
-5475
-5481
-5721
-5409
-5727
-5733
-5739
-5607
-5613
-5787
-5793
-5799
-5847
-5577
-5643
-5646
-5583
-5589
-5649
-5652
-5655
-5658
-5595
-5619
-5805
-5661
-5664
-5601
-5602
-5625
-5626
-5667
-5668
-5670
-5811
-5812
-5745
-5751
-5752
-5439
-5445
-5446
-5895
-5901
-5907
-5908
-5955
-5961
-5967
-5968
-5517
-5523
-5529
-5530
-5511
-5889
-5949
-5883
-5943
-5505
-5402
-5403
-5702
-5703
-5708
-5709
-5996
-5997
-5420
-5421
-5422
