1 1
112 2
11 4
21 5
122 6
132 7
2 9
3 10
12 11
13 12
22 13
23 14
113 15
114 16
123 17
124 18
133 19
134 20
4 23
115 24
5 26
116 27
14 29
15 30
24 31
25 32
125 33
126 34
135 35
148 36
32 39
33 40
34 41
155 42
156 43
157 44
35 46
158 47
43 49
44 50
45 51
167 52
168 53
169 54
42 56
166 57
31 59
41 60
154 61
165 62
51 67
175 68
52 70
53 71
176 72
177 73
61 75
62 76
63 77
71 78
72 79
73 80
185 81
186 82
187 83
195 84
196 85
197 86
94 89
105 90
89 92
144 93
81 95
90 96
91 97
93 98
136 99
145 100
146 101
164 102
64 105
74 106
82 107
137 108
188 109
198 110
92 112
147 113
75 115
83 116
95 117
106 118
138 119
199 120
65 122
189 123
54 125
55 126
178 127
179 128
46 133
56 134
170 135
180 136
47 138
48 139
57 140
58 141
171 142
172 143
181 144
182 145
66 147
67 148
68 149
76 150
77 151
78 152
101 153
102 154
190 155
191 156
192 157
200 158
84 161
139 162
96 164
107 165
85 167
86 168
97 169
98 170
108 171
109 172
140 173
141 174
69 177
79 178
87 179
103 180
142 181
193 182
99 184
110 185
80 187
88 188
100 189
104 190
111 191
143 192
70 194
194 195
59 197
60 198
183 199
184 200
49 203
173 204
50 206
174 207
28 209
29 210
30 211
38 212
39 213
40 214
151 215
152 216
153 217
161 218
162 219
163 220
18 222
19 223
20 224
129 225
130 226
131 227
17 229
27 230
37 231
128 232
150 233
160 234
26 237
36 238
149 239
159 240
16 243
127 244
6 247
7 248
8 249
117 250
118 251
119 252
9 257
120 258
10 261
121 262
212 457
222 459
232 460
213 462
214 463
223 464
224 465
233 466
234 467
215 470
216 472
225 474
226 475
235 476
248 477
255 480
256 481
257 482
258 484
267 486
268 487
269 488
266 490
254 492
265 493
275 498
276 500
277 501
285 503
286 504
287 505
295 506
296 507
297 508
205 511
244 513
236 515
245 516
246 517
264 518
237 521
288 522
298 523
247 525
206 527
238 528
299 529
289 531
278 533
279 534
270 539
280 540
271 542
272 543
281 544
282 545
201 547
202 548
290 549
291 550
292 551
300 552
239 555
207 557
208 559
209 560
240 561
241 562
203 565
242 566
293 567
210 569
204 571
211 572
243 573
294 575
283 577
284 578
273 581
274 583
251 585
252 586
253 587
261 588
262 589
263 590
229 592
230 593
231 594
228 596
250 597
260 598
249 601
259 602
227 605
217 608
218 609
219 610
220 615
221 618
393 813
360 815
370 816
361 818
362 819
371 820
372 821
394 822
395 823
396 826
397 828
338 830
363 831
364 832
373 833
345 836
346 837
347 838
348 840
301 842
302 843
357 844
356 846
344 848
355 849
308 854
309 856
310 857
318 859
319 860
320 861
328 862
329 863
330 864
386 867
334 869
335 871
336 872
354 873
374 874
321 877
331 878
375 879
337 881
332 883
376 884
387 885
322 887
311 889
312 890
303 895
313 896
304 898
305 899
314 900
315 901
323 903
324 904
325 905
333 906
382 907
383 908
377 911
388 913
378 915
379 916
389 917
390 918
326 921
380 922
384 923
391 925
381 927
385 928
392 929
327 931
316 933
317 934
306 937
307 939
341 941
342 942
343 943
351 944
352 945
353 946
367 948
368 949
369 950
340 952
350 953
366 954
339 957
349 958
365 961
398 964
399 965
400 966
358 971
359 974
445 1169
545 1170
422 1172
499 1173
522 1174
599 1175
414 1177
423 1178
424 1179
446 1180
447 1181
500 1182
514 1183
523 1184
524 1185
546 1186
547 1187
600 1188
448 1191
548 1192
449 1194
549 1195
415 1197
416 1198
425 1199
477 1200
515 1201
516 1202
525 1203
577 1204
484 1207
485 1208
486 1209
584 1210
585 1211
586 1212
487 1214
587 1215
401 1217
402 1218
496 1219
501 1220
502 1221
596 1222
495 1224
595 1225
483 1227
494 1228
583 1229
594 1230
408 1235
508 1236
409 1238
410 1239
509 1240
510 1241
457 1243
458 1244
459 1245
467 1246
468 1247
469 1248
557 1249
558 1250
559 1251
567 1252
568 1253
569 1254
438 1257
538 1258
473 1260
573 1261
426 1263
474 1264
475 1265
493 1266
526 1267
574 1268
575 1269
593 1270
427 1273
460 1274
470 1275
527 1276
560 1277
570 1278
476 1280
576 1281
428 1283
439 1284
471 1285
528 1286
539 1287
571 1288
461 1290
561 1291
411 1293
412 1294
511 1295
512 1296
403 1301
413 1302
503 1303
513 1304
404 1306
405 1307
453 1308
454 1309
504 1310
505 1311
553 1312
554 1313
434 1315
435 1316
462 1317
463 1318
464 1319
472 1320
534 1321
535 1322
562 1323
563 1324
564 1325
572 1326
429 1329
529 1330
440 1332
540 1333
430 1335
431 1336
441 1337
442 1338
530 1339
531 1340
541 1341
542 1342
432 1345
436 1346
465 1347
532 1348
536 1349
565 1350
443 1352
543 1353
433 1355
437 1356
444 1357
533 1358
537 1359
544 1360
466 1362
566 1363
455 1365
456 1366
555 1367
556 1368
406 1371
506 1372
407 1374
507 1375
480 1377
481 1378
482 1379
490 1380
491 1381
492 1382
580 1383
581 1384
582 1385
590 1386
591 1387
592 1388
419 1390
420 1391
421 1392
519 1393
520 1394
521 1395
418 1397
479 1398
489 1399
518 1400
579 1401
589 1402
478 1405
488 1406
578 1407
588 1408
417 1411
517 1412
450 1415
451 1416
452 1417
550 1418
551 1419
552 1420
497 1425
597 1426
498 1429
598 1430
692 1625
651 1627
669 1628
652 1630
661 1631
670 1632
671 1633
693 1634
694 1635
695 1638
696 1640
629 1642
662 1643
663 1644
672 1645
636 1648
637 1649
638 1650
639 1652
601 1654
602 1655
648 1656
647 1658
635 1660
646 1661
655 1666
656 1668
657 1669
609 1671
610 1672
611 1673
619 1674
620 1675
621 1676
685 1679
625 1681
626 1683
627 1684
645 1685
673 1686
612 1689
622 1690
674 1691
628 1693
623 1695
675 1696
686 1697
613 1699
658 1701
659 1702
603 1707
660 1708
604 1710
605 1711
606 1712
700 1713
614 1715
615 1716
616 1717
624 1718
681 1719
682 1720
676 1723
687 1725
677 1727
678 1728
688 1729
689 1730
617 1733
679 1734
683 1735
690 1737
680 1739
684 1740
691 1741
618 1743
607 1745
608 1746
653 1749
654 1751
632 1753
633 1754
634 1755
642 1756
643 1757
644 1758
666 1760
667 1761
668 1762
631 1764
641 1765
665 1766
630 1769
640 1770
664 1773
697 1776
698 1777
699 1778
649 1783
650 1786
746 1981
705 1983
723 1984
706 1986
715 1987
724 1988
725 1989
747 1990
748 1991
749 1994
750 1996
716 1998
717 1999
726 2000
780 2001
787 2004
788 2005
789 2006
790 2008
703 2010
753 2011
799 2012
798 2014
786 2016
797 2017
709 2022
710 2024
711 2025
760 2027
761 2028
762 2029
770 2030
771 2031
772 2032
739 2035
776 2037
727 2039
777 2040
778 2041
796 2042
728 2045
763 2046
773 2047
779 2049
729 2051
740 2052
774 2053
764 2055
712 2057
713 2058
714 2063
754 2064
702 2066
755 2067
756 2068
757 2069
735 2071
736 2072
765 2073
766 2074
767 2075
775 2076
730 2079
741 2081
731 2083
732 2084
742 2085
743 2086
733 2089
737 2090
768 2091
744 2093
734 2095
738 2096
745 2097
769 2099
758 2101
759 2102
707 2105
708 2107
783 2109
784 2110
785 2111
793 2112
794 2113
795 2114
720 2116
721 2117
722 2118
719 2120
782 2121
792 2122
781 2125
791 2126
718 2129
701 2132
751 2133
752 2134
800 2139
704 2142
846 2337
805 2339
823 2340
806 2342
815 2343
824 2344
825 2345
847 2346
848 2347
849 2350
850 2352
816 2354
817 2355
826 2356
880 2357
887 2360
888 2361
889 2362
890 2364
803 2366
853 2367
899 2368
898 2370
886 2372
897 2373
809 2378
810 2380
811 2381
860 2383
861 2384
862 2385
870 2386
871 2387
872 2388
839 2391
876 2393
827 2395
877 2396
878 2397
896 2398
828 2401
863 2402
873 2403
879 2405
829 2407
840 2408
874 2409
864 2411
812 2413
813 2414
814 2419
854 2420
802 2422
855 2423
856 2424
857 2425
835 2427
836 2428
865 2429
866 2430
867 2431
875 2432
830 2435
841 2437
831 2439
832 2440
842 2441
843 2442
833 2445
837 2446
868 2447
844 2449
834 2451
838 2452
845 2453
869 2455
858 2457
859 2458
807 2461
808 2463
883 2465
884 2466
885 2467
893 2468
894 2469
895 2470
820 2472
821 2473
822 2474
819 2476
882 2477
892 2478
881 2481
891 2482
818 2485
801 2488
851 2489
852 2490
900 2495
804 2498
946 2693
905 2695
923 2696
906 2698
915 2699
924 2700
925 2701
947 2702
948 2703
949 2706
950 2708
916 2710
917 2711
926 2712
980 2713
987 2716
988 2717
989 2718
990 2720
903 2722
953 2723
999 2724
998 2726
986 2728
997 2729
909 2734
910 2736
911 2737
960 2739
961 2740
962 2741
970 2742
971 2743
972 2744
939 2747
976 2749
927 2751
977 2752
978 2753
996 2754
928 2757
963 2758
973 2759
979 2761
929 2763
940 2764
974 2765
964 2767
912 2769
913 2770
914 2775
954 2776
902 2778
955 2779
956 2780
957 2781
935 2783
936 2784
965 2785
966 2786
967 2787
975 2788
930 2791
941 2793
931 2795
932 2796
942 2797
943 2798
933 2801
937 2802
968 2803
944 2805
934 2807
938 2808
945 2809
969 2811
958 2813
959 2814
907 2817
908 2819
983 2821
984 2822
985 2823
993 2824
994 2825
995 2826
920 2828
921 2829
922 2830
919 2832
982 2833
992 2834
981 2837
991 2838
918 2841
901 2844
951 2845
952 2846
1000 2851
904 2854
